k = 100
alpha = 90
proporcion = 3/4
limites de bow predeterminados

NORMA 2
precisiones
[0.68768, 0.68192, 0.68864, 0.6848, 0.6944, 0.68608, 0.68416, 0.66784, 0.68128, 0.696, 0.69024, 0.6688, 0.67968, 0.68704, 0.67968, 0.67968, 0.67904, 0.6912, 0.66688, 0.69568, 0.67808, 0.67296, 0.6736, 0.67648, 0.6832, 0.68224]
tiempos
[603.8977952003479, 634.091527223587, 652.572518825531, 647.0218601226807, 619.1771910190582, 550.344165802002, 575.3453366756439, 616.059323310852, 608.9126677513123, 586.3518464565277, 564.9075844287872, 593.8016586303711, 610.076544046402, 609.6157891750336, 641.544882774353, 561.9660048484802, 572.8266177177429, 598.2031805515289, 582.4447197914124, 644.3700349330902, 601.6456406116486, 595.4702475070953, 643.8033072948456, 562.374016046524, 393.8585238456726, 360.1669590473175]
CPU times: user 4h 15min 47s, sys: 43.8 s, total: 4h 16min 31s
Wall time: 4h 15min 10s


>NUEVA CORRIDA (final):
norm2= [0.68608, 0.67584, 0.67424, 0.69952, 0.68672, 0.6752, 0.66784, 0.67744, 0.66688, 0.65728, 0.68512, 0.6688, 0.67456, 0.68768, 0.6736, 0.67296, 0.66848, 0.68896, 0.67104, 0.68768, 0.68608, 0.66592, 0.69056, 0.66208, 0.67712]
t2= [264.09171080589294, 259.7207250595093, 224.6116235256195, 233.29050612449646, 256.43348264694214, 249.65735602378845, 236.37433552742004, 287.02615904808044, 244.78200936317444, 269.7647557258606, 259.19939661026, 237.42732000350952, 248.79112100601196, 275.87492537498474, 252.92017889022827, 257.0209014415741, 266.74353408813477, 260.7077794075012, 268.6086914539337, 279.4876012802124, 259.0125160217285, 272.36133337020874, 258.2931213378906, 348.4903383255005, 257.3622155189514]


NORMA 1
precisiones
[0.67904, 0.69856, 0.66304, 0.66304, 0.67904, 0.66848, 0.69312, 0.67584, 0.67616, 0.68128, 0.69344, 0.69248, 0.68192, 0.68, 0.67136, 0.67104, 0.6784, 0.68768, 0.68224, 0.67872, 0.66304, 0.672, 0.68384, 0.67808, 0.67552, 0.68608]
tiempos
[1041.788407087326, 1020.0358574390411, 1052.493907213211, 1001.0414955615997, 1108.7258961200714, 1122.9456596374512, 935.9327826499939, 1011.0717940330505, 1120.2839622497559, 911.8918702602386, 942.7990956306458, 1077.228045463562, 1160.8092255592346, 996.9985978603363, 672.4913189411163, 415.1066744327545, 355.21889638900757, 375.4260663986206, 378.3127267360687, 359.63887643814087, 389.41470742225647, 388.4978382587433, 377.0472798347473, 369.5602128505707, 353.64746594429016, 395.1130223274231]
CPU times: user 5h 24min 22s, sys: 50 s, total: 5h 25min 12s
Wall time: 5h 23min 27s


>NUEVA CORRIDA (final):
norm1= [0.69152, 0.6672, 0.66944, 0.66912, 0.68608, 0.68288, 0.68448, 0.67776, 0.67616, 0.6816, 0.68896, 0.66784, 0.68032, 0.68992, 0.67808, 0.67744, 0.67264, 0.68192, 0.68064, 0.67552, 0.68352, 0.6832, 0.68, 0.67872, 0.69632]
t1= [281.38027358055115, 253.78247618675232, 255.7397940158844, 266.06881761550903, 286.1160635948181, 281.9641089439392, 236.78345441818237, 263.6246826648712, 245.81016206741333, 307.06967091560364, 269.42537665367126, 296.7597687244415, 279.74272203445435, 283.2447352409363, 271.2967712879181, 267.1248531341553, 271.60663866996765, 276.98419427871704, 238.37934279441833, 261.08949732780457, 241.69843792915344, 223.77700114250183, 225.02292013168335, 255.81575918197632, 229.277934551239]

NORMA INFINITO
precisiones
[0.69568, 0.67904, 0.69472, 0.68, 0.68704, 0.68928, 0.6928, 0.67296, 0.68096, 0.68672, 0.68064, 0.67008, 0.67776, 0.68544, 0.69664, 0.67872, 0.68896, 0.67712, 0.66816, 0.68736, 0.67392, 0.67808, 0.69952, 0.66976, 0.68384, 0.6864]
tiempos
[582.0205986499786, 535.9642033576965, 624.7685067653656, 535.784544467926, 590.9798386096954, 566.1760287284851, 573.5795149803162, 575.1650688648224, 559.0805282592773, 536.1248955726624, 534.3238122463226, 517.1211709976196, 515.0953619480133, 532.1007785797119, 597.8961441516876, 578.569139957428, 581.4194693565369, 525.1914520263672, 528.9467403888702, 514.4405088424683, 558.2935395240784, 583.4434320926666, 575.1430106163025, 544.3671853542328, 540.8378911018372, 531.7750520706177]
CPU times: user 4h 2min 37s, sys: 42.2 s, total: 4h 3min 19s
Wall time: 4h 2min


>NUEVA CORRIDA (final):
norminf= [0.67072, 0.66976, 0.68096, 0.68224, 0.67232, 0.6816, 0.672, 0.68576, 0.68032, 0.6816, 0.67616, 0.7024, 0.67904, 0.67808, 0.66336, 0.69088, 0.67392, 0.6688, 0.6752, 0.67872, 0.6848, 0.6816, 0.68, 0.68608, 0.68896]
tinf= [221.57054042816162, 218.45793294906616, 222.96515727043152, 238.67661690711975, 257.4642198085785, 259.1283845901489, 247.90443205833435, 240.0054566860199, 256.2136559486389, 236.53502559661865, 238.21152782440186, 227.2069342136383, 213.48188948631287, 223.98621797561646, 246.69356322288513, 246.37504029273987, 254.4327564239502, 257.29690647125244, 218.26285219192505, 252.35076141357422, 248.60731482505798, 241.94698023796082, 222.45181727409363, 219.0725064277649, 207.34074783325195]