Cantidad de instancias de entrenamiento = 9375
Cantidad de instancias de test = 3125
Alpha 100
[0.68896, 0.68576, 0.68736, 0.69216, 0.69216, 0.68736, 0.68864, 0.68928, 0.69248, 0.69312, 0.69312, 0.69152, 0.68704, 0.67872, 0.68064, 0.67616, 0.6784, 0.66752, 0.6512, 0.64448]
Alpha 90
[0.68448, 0.68736, 0.68832, 0.6912, 0.69504, 0.68896, 0.68832, 0.68704, 0.69088, 0.69152, 0.69056, 0.68864, 0.68608, 0.68384, 0.6864, 0.68, 0.68, 0.6704, 0.65184, 0.62944]
Alpha 80
[0.6864, 0.69152, 0.68928, 0.68864, 0.68384, 0.68928, 0.68576, 0.68928, 0.69184, 0.69344, 0.68672, 0.6896, 0.69248, 0.68544, 0.68672, 0.68256, 0.67712, 0.66272, 0.6576, 0.6384]
Alpha 70
[0.688, 0.68768, 0.68416, 0.68256, 0.68576, 0.68928, 0.6848, 0.68544, 0.6944, 0.68832, 0.68896, 0.68352, 0.68896, 0.68128, 0.68416, 0.69152, 0.6816, 0.66272, 0.64896, 0.62912]
Alpha 60
[0.68576, 0.68768, 0.68608, 0.68896, 0.69312, 0.69088, 0.69312, 0.69184, 0.68896, 0.6928, 0.68448, 0.6848, 0.68448, 0.68128, 0.6832, 0.68384, 0.67872, 0.66656, 0.65088, 0.63744]
Alpha 50
[0.69024, 0.68896, 0.68864, 0.6896, 0.69344, 0.68992, 0.68992, 0.69344, 0.69152, 0.68448, 0.68352, 0.68416, 0.68288, 0.68128, 0.68224, 0.67488, 0.67968, 0.66304, 0.65568, 0.63808]
Alpha 40
[0.6752, 0.67776, 0.67232, 0.68032, 0.67552, 0.67904, 0.67776, 0.67808, 0.68096, 0.68256, 0.68896, 0.68288, 0.67744, 0.67648, 0.68192, 0.67424, 0.66432, 0.6576, 0.65248, 0.62816]
Alpha 30
Entrenando PCA
Para 200 vecinos
[0.67264]
Para 190 vecinos
Predigo...
Accuracy: [0.67264, 0.67808]
Para 180 vecinos
Predigo...
Accuracy: [0.67264, 0.67808, 0.67616]
Para 170 vecinos
Predigo...
Accuracy: [0.67264, 0.67808, 0.67616, 0.67488]
Para 160 vecinos
Predigo...
Accuracy: [0.67264, 0.67808, 0.67616, 0.67488, 0.67168]
Para 150 vecinos
Predigo...
Accuracy: [0.67264, 0.67808, 0.67616, 0.67488, 0.67168, 0.67936]
Para 140 vecinos
Predigo...
Accuracy: [0.67264, 0.67808, 0.67616, 0.67488, 0.67168, 0.67936, 0.67424]
Para 130 vecinos
Predigo...
Accuracy: [0.67264, 0.67808, 0.67616, 0.67488, 0.67168, 0.67936, 0.67424, 0.67008]
Para 120 vecinos
Predigo...
Accuracy: [0.67264, 0.67808, 0.67616, 0.67488, 0.67168, 0.67936, 0.67424, 0.67008, 0.67488]
Para 110 vecinos
Predigo...
Accuracy: [0.67264, 0.67808, 0.67616, 0.67488, 0.67168, 0.67936, 0.67424, 0.67008, 0.67488, 0.67392]
Para 100 vecinos
Predigo...
Accuracy: [0.67264, 0.67808, 0.67616, 0.67488, 0.67168, 0.67936, 0.67424, 0.67008, 0.67488, 0.67392, 0.6752]
Para 90 vecinos
Predigo...
Accuracy: [0.67264, 0.67808, 0.67616, 0.67488, 0.67168, 0.67936, 0.67424, 0.67008, 0.67488, 0.67392, 0.6752, 0.67168]
Para 80 vecinos
Predigo...
Accuracy: [0.67264, 0.67808, 0.67616, 0.67488, 0.67168, 0.67936, 0.67424, 0.67008, 0.67488, 0.67392, 0.6752, 0.67168, 0.66752]
Para 70 vecinos
Predigo...
Accuracy: [0.67264, 0.67808, 0.67616, 0.67488, 0.67168, 0.67936, 0.67424, 0.67008, 0.67488, 0.67392, 0.6752, 0.67168, 0.66752, 0.6656]
Para 60 vecinos
Predigo...
Accuracy: [0.67264, 0.67808, 0.67616, 0.67488, 0.67168, 0.67936, 0.67424, 0.67008, 0.67488, 0.67392, 0.6752, 0.67168, 0.66752, 0.6656, 0.66272]
Para 50 vecinos
Predigo...
Accuracy: [0.67264, 0.67808, 0.67616, 0.67488, 0.67168, 0.67936, 0.67424, 0.67008, 0.67488, 0.67392, 0.6752, 0.67168, 0.66752, 0.6656, 0.66272, 0.65792]
Para 40 vecinos
Predigo...
Accuracy: [0.67264, 0.67808, 0.67616, 0.67488, 0.67168, 0.67936, 0.67424, 0.67008, 0.67488, 0.67392, 0.6752, 0.67168, 0.66752, 0.6656, 0.66272, 0.65792, 0.66528]
Para 30 vecinos
Predigo...
Accuracy: [0.67264, 0.67808, 0.67616, 0.67488, 0.67168, 0.67936, 0.67424, 0.67008, 0.67488, 0.67392, 0.6752, 0.67168, 0.66752, 0.6656, 0.66272, 0.65792, 0.66528, 0.65056]
Para 20 vecinos
Predigo...
Accuracy: [0.67264, 0.67808, 0.67616, 0.67488, 0.67168, 0.67936, 0.67424, 0.67008, 0.67488, 0.67392, 0.6752, 0.67168, 0.66752, 0.6656, 0.66272, 0.65792, 0.66528, 0.65056, 0.64384]
Para 10 vecinos
Predigo...
Accuracy: [0.67264, 0.67808, 0.67616, 0.67488, 0.67168, 0.67936, 0.67424, 0.67008, 0.67488, 0.67392, 0.6752, 0.67168, 0.66752, 0.6656, 0.66272, 0.65792, 0.66528, 0.65056, 0.64384, 0.61792]
[0.67264, 0.67808, 0.67616, 0.67488, 0.67168, 0.67936, 0.67424, 0.67008, 0.67488, 0.67392, 0.6752, 0.67168, 0.66752, 0.6656, 0.66272, 0.65792, 0.66528, 0.65056, 0.64384, 0.61792]
Alpha 20
Entrenando PCA
Para 200 vecinos
[0.64416]
Para 190 vecinos
Predigo...
Accuracy: [0.64416, 0.64032]
Para 180 vecinos
Predigo...
Accuracy: [0.64416, 0.64032, 0.63968]
Para 170 vecinos
Predigo...
Accuracy: [0.64416, 0.64032, 0.63968, 0.6432]
Para 160 vecinos
Predigo...
Accuracy: [0.64416, 0.64032, 0.63968, 0.6432, 0.6448]
Para 150 vecinos
Predigo...
Accuracy: [0.64416, 0.64032, 0.63968, 0.6432, 0.6448, 0.64224]
Para 140 vecinos
Predigo...
Accuracy: [0.64416, 0.64032, 0.63968, 0.6432, 0.6448, 0.64224, 0.63936]
Para 130 vecinos
Predigo...
Accuracy: [0.64416, 0.64032, 0.63968, 0.6432, 0.6448, 0.64224, 0.63936, 0.64288]
Para 120 vecinos
Predigo...
Accuracy: [0.64416, 0.64032, 0.63968, 0.6432, 0.6448, 0.64224, 0.63936, 0.64288, 0.64704]
Para 110 vecinos
Predigo...
Accuracy: [0.64416, 0.64032, 0.63968, 0.6432, 0.6448, 0.64224, 0.63936, 0.64288, 0.64704, 0.63904]
Para 100 vecinos
Predigo...
Accuracy: [0.64416, 0.64032, 0.63968, 0.6432, 0.6448, 0.64224, 0.63936, 0.64288, 0.64704, 0.63904, 0.6352]
Para 90 vecinos
Predigo...
Accuracy: [0.64416, 0.64032, 0.63968, 0.6432, 0.6448, 0.64224, 0.63936, 0.64288, 0.64704, 0.63904, 0.6352, 0.63328]
Para 80 vecinos
Predigo...
Accuracy: [0.64416, 0.64032, 0.63968, 0.6432, 0.6448, 0.64224, 0.63936, 0.64288, 0.64704, 0.63904, 0.6352, 0.63328, 0.63456]
Para 70 vecinos
Predigo...
Accuracy: [0.64416, 0.64032, 0.63968, 0.6432, 0.6448, 0.64224, 0.63936, 0.64288, 0.64704, 0.63904, 0.6352, 0.63328, 0.63456, 0.62816]
Para 60 vecinos
Predigo...
Accuracy: [0.64416, 0.64032, 0.63968, 0.6432, 0.6448, 0.64224, 0.63936, 0.64288, 0.64704, 0.63904, 0.6352, 0.63328, 0.63456, 0.62816, 0.62816]
Para 50 vecinos
Predigo...
Accuracy: [0.64416, 0.64032, 0.63968, 0.6432, 0.6448, 0.64224, 0.63936, 0.64288, 0.64704, 0.63904, 0.6352, 0.63328, 0.63456, 0.62816, 0.62816, 0.62368]
Para 40 vecinos
Predigo...
Accuracy: [0.64416, 0.64032, 0.63968, 0.6432, 0.6448, 0.64224, 0.63936, 0.64288, 0.64704, 0.63904, 0.6352, 0.63328, 0.63456, 0.62816, 0.62816, 0.62368, 0.63424]
Para 30 vecinos
Predigo...
Accuracy: [0.64416, 0.64032, 0.63968, 0.6432, 0.6448, 0.64224, 0.63936, 0.64288, 0.64704, 0.63904, 0.6352, 0.63328, 0.63456, 0.62816, 0.62816, 0.62368, 0.63424, 0.62688]
Para 20 vecinos
Predigo...
Accuracy: [0.64416, 0.64032, 0.63968, 0.6432, 0.6448, 0.64224, 0.63936, 0.64288, 0.64704, 0.63904, 0.6352, 0.63328, 0.63456, 0.62816, 0.62816, 0.62368, 0.63424, 0.62688, 0.61344]
Para 10 vecinos
Predigo...
Accuracy: [0.64416, 0.64032, 0.63968, 0.6432, 0.6448, 0.64224, 0.63936, 0.64288, 0.64704, 0.63904, 0.6352, 0.63328, 0.63456, 0.62816, 0.62816, 0.62368, 0.63424, 0.62688, 0.61344, 0.59968]
[0.64416, 0.64032, 0.63968, 0.6432, 0.6448, 0.64224, 0.63936, 0.64288, 0.64704, 0.63904, 0.6352, 0.63328, 0.63456, 0.62816, 0.62816, 0.62368, 0.63424, 0.62688, 0.61344, 0.59968]
Alpha 10
Entrenando PCA
Para 200 vecinos
[0.61504]
Para 190 vecinos
Predigo...
Accuracy: [0.61504, 0.61792]
Para 180 vecinos
Predigo...
Accuracy: [0.61504, 0.61792, 0.61248]
Para 170 vecinos
Predigo...
Accuracy: [0.61504, 0.61792, 0.61248, 0.61376]
Para 160 vecinos
Predigo...
Accuracy: [0.61504, 0.61792, 0.61248, 0.61376, 0.6144]
Para 150 vecinos
Predigo...
Accuracy: [0.61504, 0.61792, 0.61248, 0.61376, 0.6144, 0.6096]
Para 140 vecinos
Predigo...
Accuracy: [0.61504, 0.61792, 0.61248, 0.61376, 0.6144, 0.6096, 0.61056]
Para 130 vecinos
Predigo...
Accuracy: [0.61504, 0.61792, 0.61248, 0.61376, 0.6144, 0.6096, 0.61056, 0.60928]
Para 120 vecinos
Predigo...
Accuracy: [0.61504, 0.61792, 0.61248, 0.61376, 0.6144, 0.6096, 0.61056, 0.60928, 0.60992]
Para 110 vecinos
Predigo...
Accuracy: [0.61504, 0.61792, 0.61248, 0.61376, 0.6144, 0.6096, 0.61056, 0.60928, 0.60992, 0.61312]
Para 100 vecinos
Predigo...
Accuracy: [0.61504, 0.61792, 0.61248, 0.61376, 0.6144, 0.6096, 0.61056, 0.60928, 0.60992, 0.61312, 0.61184]
Para 90 vecinos
Predigo...
Accuracy: [0.61504, 0.61792, 0.61248, 0.61376, 0.6144, 0.6096, 0.61056, 0.60928, 0.60992, 0.61312, 0.61184, 0.6144]
Para 80 vecinos
Predigo...
Accuracy: [0.61504, 0.61792, 0.61248, 0.61376, 0.6144, 0.6096, 0.61056, 0.60928, 0.60992, 0.61312, 0.61184, 0.6144, 0.60832]
Para 70 vecinos
Predigo...
Accuracy: [0.61504, 0.61792, 0.61248, 0.61376, 0.6144, 0.6096, 0.61056, 0.60928, 0.60992, 0.61312, 0.61184, 0.6144, 0.60832, 0.60608]
Para 60 vecinos
Predigo...
Accuracy: [0.61504, 0.61792, 0.61248, 0.61376, 0.6144, 0.6096, 0.61056, 0.60928, 0.60992, 0.61312, 0.61184, 0.6144, 0.60832, 0.60608, 0.59488]
Para 50 vecinos
Predigo...
Accuracy: [0.61504, 0.61792, 0.61248, 0.61376, 0.6144, 0.6096, 0.61056, 0.60928, 0.60992, 0.61312, 0.61184, 0.6144, 0.60832, 0.60608, 0.59488, 0.59424]
Para 40 vecinos
Predigo...
Accuracy: [0.61504, 0.61792, 0.61248, 0.61376, 0.6144, 0.6096, 0.61056, 0.60928, 0.60992, 0.61312, 0.61184, 0.6144, 0.60832, 0.60608, 0.59488, 0.59424, 0.5888]
Para 30 vecinos
Predigo...
Accuracy: [0.61504, 0.61792, 0.61248, 0.61376, 0.6144, 0.6096, 0.61056, 0.60928, 0.60992, 0.61312, 0.61184, 0.6144, 0.60832, 0.60608, 0.59488, 0.59424, 0.5888, 0.59072]
Para 20 vecinos
Predigo...
Accuracy: [0.61504, 0.61792, 0.61248, 0.61376, 0.6144, 0.6096, 0.61056, 0.60928, 0.60992, 0.61312, 0.61184, 0.6144, 0.60832, 0.60608, 0.59488, 0.59424, 0.5888, 0.59072, 0.57984]
Para 10 vecinos
Predigo...
Accuracy: [0.61504, 0.61792, 0.61248, 0.61376, 0.6144, 0.6096, 0.61056, 0.60928, 0.60992, 0.61312, 0.61184, 0.6144, 0.60832, 0.60608, 0.59488, 0.59424, 0.5888, 0.59072, 0.57984, 0.57632]
[0.61504, 0.61792, 0.61248, 0.61376, 0.6144, 0.6096, 0.61056, 0.60928, 0.60992, 0.61312, 0.61184, 0.6144, 0.60832, 0.60608, 0.59488, 0.59424, 0.5888, 0.59072, 0.57984, 0.57632]
Cantidad de instancias de entrenamiento = 9375
Cantidad de instancias de test = 3125
Alpha 100
Entrenando PCA
Para 200 vecinos
[0.6896]
Para 190 vecinos
Predigo...
Accuracy: [0.6896, 0.68704]
Para 180 vecinos
Predigo...
Accuracy: [0.6896, 0.68704, 0.68384]
Para 170 vecinos
Predigo...
Accuracy: [0.6896, 0.68704, 0.68384, 0.68608]
Para 160 vecinos
Predigo...
Accuracy: [0.6896, 0.68704, 0.68384, 0.68608, 0.68288]
Para 150 vecinos
Predigo...
Accuracy: [0.6896, 0.68704, 0.68384, 0.68608, 0.68288, 0.688]
Para 140 vecinos
Predigo...
Accuracy: [0.6896, 0.68704, 0.68384, 0.68608, 0.68288, 0.688, 0.6896]
Para 130 vecinos
Predigo...
Accuracy: [0.6896, 0.68704, 0.68384, 0.68608, 0.68288, 0.688, 0.6896, 0.69408]
Para 120 vecinos
Predigo...
Accuracy: [0.6896, 0.68704, 0.68384, 0.68608, 0.68288, 0.688, 0.6896, 0.69408, 0.6944]
Para 110 vecinos
Predigo...
Accuracy: [0.6896, 0.68704, 0.68384, 0.68608, 0.68288, 0.688, 0.6896, 0.69408, 0.6944, 0.69152]
Para 100 vecinos
Predigo...
Accuracy: [0.6896, 0.68704, 0.68384, 0.68608, 0.68288, 0.688, 0.6896, 0.69408, 0.6944, 0.69152, 0.69152]
Para 90 vecinos
Predigo...
Accuracy: [0.6896, 0.68704, 0.68384, 0.68608, 0.68288, 0.688, 0.6896, 0.69408, 0.6944, 0.69152, 0.69152, 0.69056]
Para 80 vecinos
Predigo...
Accuracy: [0.6896, 0.68704, 0.68384, 0.68608, 0.68288, 0.688, 0.6896, 0.69408, 0.6944, 0.69152, 0.69152, 0.69056, 0.696]
Para 70 vecinos
Predigo...
Accuracy: [0.6896, 0.68704, 0.68384, 0.68608, 0.68288, 0.688, 0.6896, 0.69408, 0.6944, 0.69152, 0.69152, 0.69056, 0.696, 0.68736]
Para 60 vecinos
Predigo...
Accuracy: [0.6896, 0.68704, 0.68384, 0.68608, 0.68288, 0.688, 0.6896, 0.69408, 0.6944, 0.69152, 0.69152, 0.69056, 0.696, 0.68736, 0.68512]
Para 50 vecinos
Predigo...
Accuracy: [0.6896, 0.68704, 0.68384, 0.68608, 0.68288, 0.688, 0.6896, 0.69408, 0.6944, 0.69152, 0.69152, 0.69056, 0.696, 0.68736, 0.68512, 0.68896]
Para 40 vecinos
Predigo...
Accuracy: [0.6896, 0.68704, 0.68384, 0.68608, 0.68288, 0.688, 0.6896, 0.69408, 0.6944, 0.69152, 0.69152, 0.69056, 0.696, 0.68736, 0.68512, 0.68896, 0.68544]
Para 30 vecinos
Predigo...
Accuracy: [0.6896, 0.68704, 0.68384, 0.68608, 0.68288, 0.688, 0.6896, 0.69408, 0.6944, 0.69152, 0.69152, 0.69056, 0.696, 0.68736, 0.68512, 0.68896, 0.68544, 0.67072]
Para 20 vecinos
Predigo...
Accuracy: [0.6896, 0.68704, 0.68384, 0.68608, 0.68288, 0.688, 0.6896, 0.69408, 0.6944, 0.69152, 0.69152, 0.69056, 0.696, 0.68736, 0.68512, 0.68896, 0.68544, 0.67072, 0.65504]
Para 10 vecinos
Predigo...
Accuracy: [0.6896, 0.68704, 0.68384, 0.68608, 0.68288, 0.688, 0.6896, 0.69408, 0.6944, 0.69152, 0.69152, 0.69056, 0.696, 0.68736, 0.68512, 0.68896, 0.68544, 0.67072, 0.65504, 0.63968]
[0.6896, 0.68704, 0.68384, 0.68608, 0.68288, 0.688, 0.6896, 0.69408, 0.6944, 0.69152, 0.69152, 0.69056, 0.696, 0.68736, 0.68512, 0.68896, 0.68544, 0.67072, 0.65504, 0.63968]
Alpha 90
Entrenando PCA
Para 200 vecinos
[0.68448]
Para 190 vecinos
Predigo...
Accuracy: [0.68448, 0.68864]
Para 180 vecinos
Predigo...
Accuracy: [0.68448, 0.68864, 0.68832]
Para 170 vecinos
Predigo...
Accuracy: [0.68448, 0.68864, 0.68832, 0.6912]
Para 160 vecinos
Predigo...
Accuracy: [0.68448, 0.68864, 0.68832, 0.6912, 0.68608]
Para 150 vecinos
Predigo...
Accuracy: [0.68448, 0.68864, 0.68832, 0.6912, 0.68608, 0.68672]
Para 140 vecinos
Predigo...
Accuracy: [0.68448, 0.68864, 0.68832, 0.6912, 0.68608, 0.68672, 0.69344]
Para 130 vecinos
Predigo...
Accuracy: [0.68448, 0.68864, 0.68832, 0.6912, 0.68608, 0.68672, 0.69344, 0.6944]
Para 120 vecinos
Predigo...
Accuracy: [0.68448, 0.68864, 0.68832, 0.6912, 0.68608, 0.68672, 0.69344, 0.6944, 0.69632]
Para 110 vecinos
Predigo...
Accuracy: [0.68448, 0.68864, 0.68832, 0.6912, 0.68608, 0.68672, 0.69344, 0.6944, 0.69632, 0.69152]
Para 100 vecinos
Predigo...
Accuracy: [0.68448, 0.68864, 0.68832, 0.6912, 0.68608, 0.68672, 0.69344, 0.6944, 0.69632, 0.69152, 0.69248]
Para 90 vecinos
Predigo...
Accuracy: [0.68448, 0.68864, 0.68832, 0.6912, 0.68608, 0.68672, 0.69344, 0.6944, 0.69632, 0.69152, 0.69248, 0.69216]
Para 80 vecinos
Predigo...
Accuracy: [0.68448, 0.68864, 0.68832, 0.6912, 0.68608, 0.68672, 0.69344, 0.6944, 0.69632, 0.69152, 0.69248, 0.69216, 0.68544]
Para 70 vecinos
Predigo...
Accuracy: [0.68448, 0.68864, 0.68832, 0.6912, 0.68608, 0.68672, 0.69344, 0.6944, 0.69632, 0.69152, 0.69248, 0.69216, 0.68544, 0.68928]
Para 60 vecinos
Predigo...
Accuracy: [0.68448, 0.68864, 0.68832, 0.6912, 0.68608, 0.68672, 0.69344, 0.6944, 0.69632, 0.69152, 0.69248, 0.69216, 0.68544, 0.68928, 0.68736]
Para 50 vecinos
Predigo...
Accuracy: [0.68448, 0.68864, 0.68832, 0.6912, 0.68608, 0.68672, 0.69344, 0.6944, 0.69632, 0.69152, 0.69248, 0.69216, 0.68544, 0.68928, 0.68736, 0.67904]
Para 40 vecinos
Predigo...
Accuracy: [0.68448, 0.68864, 0.68832, 0.6912, 0.68608, 0.68672, 0.69344, 0.6944, 0.69632, 0.69152, 0.69248, 0.69216, 0.68544, 0.68928, 0.68736, 0.67904, 0.68192]
Para 30 vecinos
Predigo...
Accuracy: [0.68448, 0.68864, 0.68832, 0.6912, 0.68608, 0.68672, 0.69344, 0.6944, 0.69632, 0.69152, 0.69248, 0.69216, 0.68544, 0.68928, 0.68736, 0.67904, 0.68192, 0.66688]
Para 20 vecinos
Predigo...
Accuracy: [0.68448, 0.68864, 0.68832, 0.6912, 0.68608, 0.68672, 0.69344, 0.6944, 0.69632, 0.69152, 0.69248, 0.69216, 0.68544, 0.68928, 0.68736, 0.67904, 0.68192, 0.66688, 0.65952]
Para 10 vecinos
Predigo...
Accuracy: [0.68448, 0.68864, 0.68832, 0.6912, 0.68608, 0.68672, 0.69344, 0.6944, 0.69632, 0.69152, 0.69248, 0.69216, 0.68544, 0.68928, 0.68736, 0.67904, 0.68192, 0.66688, 0.65952, 0.64576]
[0.68448, 0.68864, 0.68832, 0.6912, 0.68608, 0.68672, 0.69344, 0.6944, 0.69632, 0.69152, 0.69248, 0.69216, 0.68544, 0.68928, 0.68736, 0.67904, 0.68192, 0.66688, 0.65952, 0.64576]
Alpha 80
Entrenando PCA
Para 200 vecinos
[0.68864]
Para 190 vecinos
Predigo...
Accuracy: [0.68864, 0.68992]
Para 180 vecinos
Predigo...
Accuracy: [0.68864, 0.68992, 0.68672]
Para 170 vecinos
Predigo...
Accuracy: [0.68864, 0.68992, 0.68672, 0.68768]
Para 160 vecinos
Predigo...
Accuracy: [0.68864, 0.68992, 0.68672, 0.68768, 0.68992]
Para 150 vecinos
Predigo...
Accuracy: [0.68864, 0.68992, 0.68672, 0.68768, 0.68992, 0.69248]
Para 140 vecinos
Predigo...
Accuracy: [0.68864, 0.68992, 0.68672, 0.68768, 0.68992, 0.69248, 0.69312]
Para 130 vecinos
Predigo...
Accuracy: [0.68864, 0.68992, 0.68672, 0.68768, 0.68992, 0.69248, 0.69312, 0.69248]
Para 120 vecinos
Predigo...
Accuracy: [0.68864, 0.68992, 0.68672, 0.68768, 0.68992, 0.69248, 0.69312, 0.69248, 0.6944]
Para 110 vecinos
Predigo...
Accuracy: [0.68864, 0.68992, 0.68672, 0.68768, 0.68992, 0.69248, 0.69312, 0.69248, 0.6944, 0.696]
Para 100 vecinos
Predigo...
Accuracy: [0.68864, 0.68992, 0.68672, 0.68768, 0.68992, 0.69248, 0.69312, 0.69248, 0.6944, 0.696, 0.69664]
Para 90 vecinos
Predigo...
Accuracy: [0.68864, 0.68992, 0.68672, 0.68768, 0.68992, 0.69248, 0.69312, 0.69248, 0.6944, 0.696, 0.69664, 0.69184]
Para 80 vecinos
Predigo...
Accuracy: [0.68864, 0.68992, 0.68672, 0.68768, 0.68992, 0.69248, 0.69312, 0.69248, 0.6944, 0.696, 0.69664, 0.69184, 0.69056]
Para 70 vecinos
Predigo...
Accuracy: [0.68864, 0.68992, 0.68672, 0.68768, 0.68992, 0.69248, 0.69312, 0.69248, 0.6944, 0.696, 0.69664, 0.69184, 0.69056, 0.69248]
Para 60 vecinos
Predigo...
Accuracy: [0.68864, 0.68992, 0.68672, 0.68768, 0.68992, 0.69248, 0.69312, 0.69248, 0.6944, 0.696, 0.69664, 0.69184, 0.69056, 0.69248, 0.68928]
Para 50 vecinos
Predigo...
Accuracy: [0.68864, 0.68992, 0.68672, 0.68768, 0.68992, 0.69248, 0.69312, 0.69248, 0.6944, 0.696, 0.69664, 0.69184, 0.69056, 0.69248, 0.68928, 0.68512]
Para 40 vecinos
Predigo...
Accuracy: [0.68864, 0.68992, 0.68672, 0.68768, 0.68992, 0.69248, 0.69312, 0.69248, 0.6944, 0.696, 0.69664, 0.69184, 0.69056, 0.69248, 0.68928, 0.68512, 0.68256]
Para 30 vecinos
Predigo...
Accuracy: [0.68864, 0.68992, 0.68672, 0.68768, 0.68992, 0.69248, 0.69312, 0.69248, 0.6944, 0.696, 0.69664, 0.69184, 0.69056, 0.69248, 0.68928, 0.68512, 0.68256, 0.672]
Para 20 vecinos
Predigo...
Accuracy: [0.68864, 0.68992, 0.68672, 0.68768, 0.68992, 0.69248, 0.69312, 0.69248, 0.6944, 0.696, 0.69664, 0.69184, 0.69056, 0.69248, 0.68928, 0.68512, 0.68256, 0.672, 0.65696]
Para 10 vecinos
Predigo...
Accuracy: [0.68864, 0.68992, 0.68672, 0.68768, 0.68992, 0.69248, 0.69312, 0.69248, 0.6944, 0.696, 0.69664, 0.69184, 0.69056, 0.69248, 0.68928, 0.68512, 0.68256, 0.672, 0.65696, 0.6448]
[0.68864, 0.68992, 0.68672, 0.68768, 0.68992, 0.69248, 0.69312, 0.69248, 0.6944, 0.696, 0.69664, 0.69184, 0.69056, 0.69248, 0.68928, 0.68512, 0.68256, 0.672, 0.65696, 0.6448]
Alpha 70
Entrenando PCA
Para 200 vecinos
[0.688]
Para 190 vecinos
Predigo...
Accuracy: [0.688, 0.68736]
Para 180 vecinos
Predigo...
Accuracy: [0.688, 0.68736, 0.68]
Para 170 vecinos
Predigo...
Accuracy: [0.688, 0.68736, 0.68, 0.68256]
Para 160 vecinos
Predigo...
Accuracy: [0.688, 0.68736, 0.68, 0.68256, 0.68576]
Para 150 vecinos
Predigo...
Accuracy: [0.688, 0.68736, 0.68, 0.68256, 0.68576, 0.69312]
Para 140 vecinos
Predigo...
Accuracy: [0.688, 0.68736, 0.68, 0.68256, 0.68576, 0.69312, 0.69248]
Para 130 vecinos
Predigo...
Accuracy: [0.688, 0.68736, 0.68, 0.68256, 0.68576, 0.69312, 0.69248, 0.69568]
Para 120 vecinos
Predigo...
Accuracy: [0.688, 0.68736, 0.68, 0.68256, 0.68576, 0.69312, 0.69248, 0.69568, 0.69824]
Para 110 vecinos
Predigo...
Accuracy: [0.688, 0.68736, 0.68, 0.68256, 0.68576, 0.69312, 0.69248, 0.69568, 0.69824, 0.6912]
Para 100 vecinos
Predigo...
Accuracy: [0.688, 0.68736, 0.68, 0.68256, 0.68576, 0.69312, 0.69248, 0.69568, 0.69824, 0.6912, 0.6896]
Para 90 vecinos
Predigo...
Accuracy: [0.688, 0.68736, 0.68, 0.68256, 0.68576, 0.69312, 0.69248, 0.69568, 0.69824, 0.6912, 0.6896, 0.69088]
Para 80 vecinos
Predigo...
Accuracy: [0.688, 0.68736, 0.68, 0.68256, 0.68576, 0.69312, 0.69248, 0.69568, 0.69824, 0.6912, 0.6896, 0.69088, 0.68608]
Para 70 vecinos
Predigo...
Accuracy: [0.688, 0.68736, 0.68, 0.68256, 0.68576, 0.69312, 0.69248, 0.69568, 0.69824, 0.6912, 0.6896, 0.69088, 0.68608, 0.68768]
Para 60 vecinos
Predigo...
Accuracy: [0.688, 0.68736, 0.68, 0.68256, 0.68576, 0.69312, 0.69248, 0.69568, 0.69824, 0.6912, 0.6896, 0.69088, 0.68608, 0.68768, 0.68736]
Para 50 vecinos
Predigo...
Accuracy: [0.688, 0.68736, 0.68, 0.68256, 0.68576, 0.69312, 0.69248, 0.69568, 0.69824, 0.6912, 0.6896, 0.69088, 0.68608, 0.68768, 0.68736, 0.68256]
Para 40 vecinos
Predigo...
Accuracy: [0.688, 0.68736, 0.68, 0.68256, 0.68576, 0.69312, 0.69248, 0.69568, 0.69824, 0.6912, 0.6896, 0.69088, 0.68608, 0.68768, 0.68736, 0.68256, 0.67648]
Para 30 vecinos
Predigo...
Accuracy: [0.688, 0.68736, 0.68, 0.68256, 0.68576, 0.69312, 0.69248, 0.69568, 0.69824, 0.6912, 0.6896, 0.69088, 0.68608, 0.68768, 0.68736, 0.68256, 0.67648, 0.6672]
Para 20 vecinos
Predigo...
Accuracy: [0.688, 0.68736, 0.68, 0.68256, 0.68576, 0.69312, 0.69248, 0.69568, 0.69824, 0.6912, 0.6896, 0.69088, 0.68608, 0.68768, 0.68736, 0.68256, 0.67648, 0.6672, 0.65568]
Para 10 vecinos
Predigo...
Accuracy: [0.688, 0.68736, 0.68, 0.68256, 0.68576, 0.69312, 0.69248, 0.69568, 0.69824, 0.6912, 0.6896, 0.69088, 0.68608, 0.68768, 0.68736, 0.68256, 0.67648, 0.6672, 0.65568, 0.6464]
[0.688, 0.68736, 0.68, 0.68256, 0.68576, 0.69312, 0.69248, 0.69568, 0.69824, 0.6912, 0.6896, 0.69088, 0.68608, 0.68768, 0.68736, 0.68256, 0.67648, 0.6672, 0.65568, 0.6464]
Alpha 60
Entrenando PCA
Para 200 vecinos
[0.68448]
Para 190 vecinos
Predigo...
Accuracy: [0.68448, 0.68352]
Para 180 vecinos
Predigo...
Accuracy: [0.68448, 0.68352, 0.68512]
Para 170 vecinos
Predigo...
Accuracy: [0.68448, 0.68352, 0.68512, 0.68544]
Para 160 vecinos
Predigo...
Accuracy: [0.68448, 0.68352, 0.68512, 0.68544, 0.6896]
Para 150 vecinos
Predigo...
Accuracy: [0.68448, 0.68352, 0.68512, 0.68544, 0.6896, 0.688]
Para 140 vecinos
Predigo...
Accuracy: [0.68448, 0.68352, 0.68512, 0.68544, 0.6896, 0.688, 0.68992]
Para 130 vecinos
Predigo...
Accuracy: [0.68448, 0.68352, 0.68512, 0.68544, 0.6896, 0.688, 0.68992, 0.6944]
Para 120 vecinos
Predigo...
Accuracy: [0.68448, 0.68352, 0.68512, 0.68544, 0.6896, 0.688, 0.68992, 0.6944, 0.69024]
Para 110 vecinos
Predigo...
Accuracy: [0.68448, 0.68352, 0.68512, 0.68544, 0.6896, 0.688, 0.68992, 0.6944, 0.69024, 0.69184]
Para 100 vecinos
Predigo...
Accuracy: [0.68448, 0.68352, 0.68512, 0.68544, 0.6896, 0.688, 0.68992, 0.6944, 0.69024, 0.69184, 0.68864]
Para 90 vecinos
Predigo...
Accuracy: [0.68448, 0.68352, 0.68512, 0.68544, 0.6896, 0.688, 0.68992, 0.6944, 0.69024, 0.69184, 0.68864, 0.68672]
Para 80 vecinos
Predigo...
Accuracy: [0.68448, 0.68352, 0.68512, 0.68544, 0.6896, 0.688, 0.68992, 0.6944, 0.69024, 0.69184, 0.68864, 0.68672, 0.68768]
Para 70 vecinos
Predigo...
Accuracy: [0.68448, 0.68352, 0.68512, 0.68544, 0.6896, 0.688, 0.68992, 0.6944, 0.69024, 0.69184, 0.68864, 0.68672, 0.68768, 0.69088]
Para 60 vecinos
Predigo...
Accuracy: [0.68448, 0.68352, 0.68512, 0.68544, 0.6896, 0.688, 0.68992, 0.6944, 0.69024, 0.69184, 0.68864, 0.68672, 0.68768, 0.69088, 0.68672]
Para 50 vecinos
Predigo...
Accuracy: [0.68448, 0.68352, 0.68512, 0.68544, 0.6896, 0.688, 0.68992, 0.6944, 0.69024, 0.69184, 0.68864, 0.68672, 0.68768, 0.69088, 0.68672, 0.6848]
Para 40 vecinos
Predigo...
Accuracy: [0.68448, 0.68352, 0.68512, 0.68544, 0.6896, 0.688, 0.68992, 0.6944, 0.69024, 0.69184, 0.68864, 0.68672, 0.68768, 0.69088, 0.68672, 0.6848, 0.6752]
Para 30 vecinos
Predigo...
Accuracy: [0.68448, 0.68352, 0.68512, 0.68544, 0.6896, 0.688, 0.68992, 0.6944, 0.69024, 0.69184, 0.68864, 0.68672, 0.68768, 0.69088, 0.68672, 0.6848, 0.6752, 0.66496]
Para 20 vecinos
Predigo...
Accuracy: [0.68448, 0.68352, 0.68512, 0.68544, 0.6896, 0.688, 0.68992, 0.6944, 0.69024, 0.69184, 0.68864, 0.68672, 0.68768, 0.69088, 0.68672, 0.6848, 0.6752, 0.66496, 0.66304]
Para 10 vecinos
Predigo...
Accuracy: [0.68448, 0.68352, 0.68512, 0.68544, 0.6896, 0.688, 0.68992, 0.6944, 0.69024, 0.69184, 0.68864, 0.68672, 0.68768, 0.69088, 0.68672, 0.6848, 0.6752, 0.66496, 0.66304, 0.64096]
[0.68448, 0.68352, 0.68512, 0.68544, 0.6896, 0.688, 0.68992, 0.6944, 0.69024, 0.69184, 0.68864, 0.68672, 0.68768, 0.69088, 0.68672, 0.6848, 0.6752, 0.66496, 0.66304, 0.64096]
Alpha 50
Entrenando PCA
Para 200 vecinos
[0.68192]
Para 190 vecinos
Predigo...
Accuracy: [0.68192, 0.68288]
Para 180 vecinos
Predigo...
Accuracy: [0.68192, 0.68288, 0.68608]
Para 170 vecinos
Predigo...
Accuracy: [0.68192, 0.68288, 0.68608, 0.68608]
Para 160 vecinos
Predigo...
Accuracy: [0.68192, 0.68288, 0.68608, 0.68608, 0.68608]
Para 150 vecinos
Predigo...
Accuracy: [0.68192, 0.68288, 0.68608, 0.68608, 0.68608, 0.68192]
Para 140 vecinos
Predigo...
Accuracy: [0.68192, 0.68288, 0.68608, 0.68608, 0.68608, 0.68192, 0.68544]
Para 130 vecinos
Predigo...
Accuracy: [0.68192, 0.68288, 0.68608, 0.68608, 0.68608, 0.68192, 0.68544, 0.68288]
Para 120 vecinos
Predigo...
Accuracy: [0.68192, 0.68288, 0.68608, 0.68608, 0.68608, 0.68192, 0.68544, 0.68288, 0.6832]
Para 110 vecinos
Predigo...
Accuracy: [0.68192, 0.68288, 0.68608, 0.68608, 0.68608, 0.68192, 0.68544, 0.68288, 0.6832, 0.68192]
Para 100 vecinos
Predigo...
Accuracy: [0.68192, 0.68288, 0.68608, 0.68608, 0.68608, 0.68192, 0.68544, 0.68288, 0.6832, 0.68192, 0.68704]
Para 90 vecinos
Predigo...
Accuracy: [0.68192, 0.68288, 0.68608, 0.68608, 0.68608, 0.68192, 0.68544, 0.68288, 0.6832, 0.68192, 0.68704, 0.68832]
Para 80 vecinos
Predigo...
Accuracy: [0.68192, 0.68288, 0.68608, 0.68608, 0.68608, 0.68192, 0.68544, 0.68288, 0.6832, 0.68192, 0.68704, 0.68832, 0.68768]
Para 70 vecinos
Predigo...
Accuracy: [0.68192, 0.68288, 0.68608, 0.68608, 0.68608, 0.68192, 0.68544, 0.68288, 0.6832, 0.68192, 0.68704, 0.68832, 0.68768, 0.68352]
Para 60 vecinos
Predigo...
Accuracy: [0.68192, 0.68288, 0.68608, 0.68608, 0.68608, 0.68192, 0.68544, 0.68288, 0.6832, 0.68192, 0.68704, 0.68832, 0.68768, 0.68352, 0.6848]
Para 50 vecinos
Predigo...
Accuracy: [0.68192, 0.68288, 0.68608, 0.68608, 0.68608, 0.68192, 0.68544, 0.68288, 0.6832, 0.68192, 0.68704, 0.68832, 0.68768, 0.68352, 0.6848, 0.67776]
Para 40 vecinos
Predigo...
Accuracy: [0.68192, 0.68288, 0.68608, 0.68608, 0.68608, 0.68192, 0.68544, 0.68288, 0.6832, 0.68192, 0.68704, 0.68832, 0.68768, 0.68352, 0.6848, 0.67776, 0.6768]
Para 30 vecinos
Predigo...
Accuracy: [0.68192, 0.68288, 0.68608, 0.68608, 0.68608, 0.68192, 0.68544, 0.68288, 0.6832, 0.68192, 0.68704, 0.68832, 0.68768, 0.68352, 0.6848, 0.67776, 0.6768, 0.66624]
Para 20 vecinos
Predigo...
Accuracy: [0.68192, 0.68288, 0.68608, 0.68608, 0.68608, 0.68192, 0.68544, 0.68288, 0.6832, 0.68192, 0.68704, 0.68832, 0.68768, 0.68352, 0.6848, 0.67776, 0.6768, 0.66624, 0.65984]
Para 10 vecinos
Predigo...
Accuracy: [0.68192, 0.68288, 0.68608, 0.68608, 0.68608, 0.68192, 0.68544, 0.68288, 0.6832, 0.68192, 0.68704, 0.68832, 0.68768, 0.68352, 0.6848, 0.67776, 0.6768, 0.66624, 0.65984, 0.63168]
[0.68192, 0.68288, 0.68608, 0.68608, 0.68608, 0.68192, 0.68544, 0.68288, 0.6832, 0.68192, 0.68704, 0.68832, 0.68768, 0.68352, 0.6848, 0.67776, 0.6768, 0.66624, 0.65984, 0.63168]
Alpha 40
Entrenando PCA
Para 200 vecinos
[0.66976]
Para 190 vecinos
Predigo...
Accuracy: [0.66976, 0.67104]
Para 180 vecinos
Predigo...
Accuracy: [0.66976, 0.67104, 0.67488]
Para 170 vecinos
Predigo...
Accuracy: [0.66976, 0.67104, 0.67488, 0.66944]
Para 160 vecinos
Predigo...
Accuracy: [0.66976, 0.67104, 0.67488, 0.66944, 0.67328]
Para 150 vecinos
Predigo...
Accuracy: [0.66976, 0.67104, 0.67488, 0.66944, 0.67328, 0.67296]
Para 140 vecinos
Predigo...
Accuracy: [0.66976, 0.67104, 0.67488, 0.66944, 0.67328, 0.67296, 0.67392]
Para 130 vecinos
Predigo...
Accuracy: [0.66976, 0.67104, 0.67488, 0.66944, 0.67328, 0.67296, 0.67392, 0.67136]
Para 120 vecinos
Predigo...
Accuracy: [0.66976, 0.67104, 0.67488, 0.66944, 0.67328, 0.67296, 0.67392, 0.67136, 0.67776]
Para 110 vecinos
Predigo...
Accuracy: [0.66976, 0.67104, 0.67488, 0.66944, 0.67328, 0.67296, 0.67392, 0.67136, 0.67776, 0.6736]
Para 100 vecinos
Predigo...
Accuracy: [0.66976, 0.67104, 0.67488, 0.66944, 0.67328, 0.67296, 0.67392, 0.67136, 0.67776, 0.6736, 0.67424]
Para 90 vecinos
Predigo...
Accuracy: [0.66976, 0.67104, 0.67488, 0.66944, 0.67328, 0.67296, 0.67392, 0.67136, 0.67776, 0.6736, 0.67424, 0.67392]
Para 80 vecinos
Predigo...
Accuracy: [0.66976, 0.67104, 0.67488, 0.66944, 0.67328, 0.67296, 0.67392, 0.67136, 0.67776, 0.6736, 0.67424, 0.67392, 0.67872]
Para 70 vecinos
Predigo...
Accuracy: [0.66976, 0.67104, 0.67488, 0.66944, 0.67328, 0.67296, 0.67392, 0.67136, 0.67776, 0.6736, 0.67424, 0.67392, 0.67872, 0.67456]
Para 60 vecinos
Predigo...
Accuracy: [0.66976, 0.67104, 0.67488, 0.66944, 0.67328, 0.67296, 0.67392, 0.67136, 0.67776, 0.6736, 0.67424, 0.67392, 0.67872, 0.67456, 0.66784]
Para 50 vecinos
Predigo...
Accuracy: [0.66976, 0.67104, 0.67488, 0.66944, 0.67328, 0.67296, 0.67392, 0.67136, 0.67776, 0.6736, 0.67424, 0.67392, 0.67872, 0.67456, 0.66784, 0.66496]
Para 40 vecinos
Predigo...
Accuracy: [0.66976, 0.67104, 0.67488, 0.66944, 0.67328, 0.67296, 0.67392, 0.67136, 0.67776, 0.6736, 0.67424, 0.67392, 0.67872, 0.67456, 0.66784, 0.66496, 0.65792]
Para 30 vecinos
Predigo...
Accuracy: [0.66976, 0.67104, 0.67488, 0.66944, 0.67328, 0.67296, 0.67392, 0.67136, 0.67776, 0.6736, 0.67424, 0.67392, 0.67872, 0.67456, 0.66784, 0.66496, 0.65792, 0.65344]
Para 20 vecinos
Predigo...
Accuracy: [0.66976, 0.67104, 0.67488, 0.66944, 0.67328, 0.67296, 0.67392, 0.67136, 0.67776, 0.6736, 0.67424, 0.67392, 0.67872, 0.67456, 0.66784, 0.66496, 0.65792, 0.65344, 0.64896]
Para 10 vecinos
Predigo...
Accuracy: [0.66976, 0.67104, 0.67488, 0.66944, 0.67328, 0.67296, 0.67392, 0.67136, 0.67776, 0.6736, 0.67424, 0.67392, 0.67872, 0.67456, 0.66784, 0.66496, 0.65792, 0.65344, 0.64896, 0.62592]
[0.66976, 0.67104, 0.67488, 0.66944, 0.67328, 0.67296, 0.67392, 0.67136, 0.67776, 0.6736, 0.67424, 0.67392, 0.67872, 0.67456, 0.66784, 0.66496, 0.65792, 0.65344, 0.64896, 0.62592]
Alpha 30
Entrenando PCA
Para 200 vecinos
[0.65408]
Para 190 vecinos
Predigo...
Accuracy: [0.65408, 0.65632]
Para 180 vecinos
Predigo...
Accuracy: [0.65408, 0.65632, 0.65856]
Para 170 vecinos
Predigo...
Accuracy: [0.65408, 0.65632, 0.65856, 0.6592]
Para 160 vecinos
Predigo...
Accuracy: [0.65408, 0.65632, 0.65856, 0.6592, 0.6592]
Para 150 vecinos
Predigo...
Accuracy: [0.65408, 0.65632, 0.65856, 0.6592, 0.6592, 0.65728]
Para 140 vecinos
Predigo...
Accuracy: [0.65408, 0.65632, 0.65856, 0.6592, 0.6592, 0.65728, 0.65856]
Para 130 vecinos
Predigo...
Accuracy: [0.65408, 0.65632, 0.65856, 0.6592, 0.6592, 0.65728, 0.65856, 0.65696]
Para 120 vecinos
Predigo...
Accuracy: [0.65408, 0.65632, 0.65856, 0.6592, 0.6592, 0.65728, 0.65856, 0.65696, 0.65664]
Para 110 vecinos
Predigo...
Accuracy: [0.65408, 0.65632, 0.65856, 0.6592, 0.6592, 0.65728, 0.65856, 0.65696, 0.65664, 0.65696]
Para 100 vecinos
Predigo...
Accuracy: [0.65408, 0.65632, 0.65856, 0.6592, 0.6592, 0.65728, 0.65856, 0.65696, 0.65664, 0.65696, 0.6544]
Para 90 vecinos
Predigo...
Accuracy: [0.65408, 0.65632, 0.65856, 0.6592, 0.6592, 0.65728, 0.65856, 0.65696, 0.65664, 0.65696, 0.6544, 0.65248]
Para 80 vecinos
Predigo...
Accuracy: [0.65408, 0.65632, 0.65856, 0.6592, 0.6592, 0.65728, 0.65856, 0.65696, 0.65664, 0.65696, 0.6544, 0.65248, 0.65472]
Para 70 vecinos
Predigo...
Accuracy: [0.65408, 0.65632, 0.65856, 0.6592, 0.6592, 0.65728, 0.65856, 0.65696, 0.65664, 0.65696, 0.6544, 0.65248, 0.65472, 0.65664]
Para 60 vecinos
Predigo...
Accuracy: [0.65408, 0.65632, 0.65856, 0.6592, 0.6592, 0.65728, 0.65856, 0.65696, 0.65664, 0.65696, 0.6544, 0.65248, 0.65472, 0.65664, 0.65568]
Para 50 vecinos
Predigo...
Accuracy: [0.65408, 0.65632, 0.65856, 0.6592, 0.6592, 0.65728, 0.65856, 0.65696, 0.65664, 0.65696, 0.6544, 0.65248, 0.65472, 0.65664, 0.65568, 0.64672]
Para 40 vecinos
Predigo...
Accuracy: [0.65408, 0.65632, 0.65856, 0.6592, 0.6592, 0.65728, 0.65856, 0.65696, 0.65664, 0.65696, 0.6544, 0.65248, 0.65472, 0.65664, 0.65568, 0.64672, 0.6544]
Para 30 vecinos
Predigo...
Accuracy: [0.65408, 0.65632, 0.65856, 0.6592, 0.6592, 0.65728, 0.65856, 0.65696, 0.65664, 0.65696, 0.6544, 0.65248, 0.65472, 0.65664, 0.65568, 0.64672, 0.6544, 0.65664]
Para 20 vecinos
Predigo...
Accuracy: [0.65408, 0.65632, 0.65856, 0.6592, 0.6592, 0.65728, 0.65856, 0.65696, 0.65664, 0.65696, 0.6544, 0.65248, 0.65472, 0.65664, 0.65568, 0.64672, 0.6544, 0.65664, 0.64288]
Para 10 vecinos
Predigo...
Accuracy: [0.65408, 0.65632, 0.65856, 0.6592, 0.6592, 0.65728, 0.65856, 0.65696, 0.65664, 0.65696, 0.6544, 0.65248, 0.65472, 0.65664, 0.65568, 0.64672, 0.6544, 0.65664, 0.64288, 0.60416]
[0.65408, 0.65632, 0.65856, 0.6592, 0.6592, 0.65728, 0.65856, 0.65696, 0.65664, 0.65696, 0.6544, 0.65248, 0.65472, 0.65664, 0.65568, 0.64672, 0.6544, 0.65664, 0.64288, 0.60416]
Alpha 20
Entrenando PCA
Para 200 vecinos
[0.62688]
Para 190 vecinos
Predigo...
Accuracy: [0.62688, 0.62144]
Para 180 vecinos
Predigo...
Accuracy: [0.62688, 0.62144, 0.6272]
Para 170 vecinos
Predigo...
Accuracy: [0.62688, 0.62144, 0.6272, 0.6272]
Para 160 vecinos
Predigo...
Accuracy: [0.62688, 0.62144, 0.6272, 0.6272, 0.63232]
Para 150 vecinos
Predigo...
Accuracy: [0.62688, 0.62144, 0.6272, 0.6272, 0.63232, 0.63104]
Para 140 vecinos
Predigo...
Accuracy: [0.62688, 0.62144, 0.6272, 0.6272, 0.63232, 0.63104, 0.63296]
Para 130 vecinos
Predigo...
Accuracy: [0.62688, 0.62144, 0.6272, 0.6272, 0.63232, 0.63104, 0.63296, 0.63456]
Para 120 vecinos
Predigo...
Accuracy: [0.62688, 0.62144, 0.6272, 0.6272, 0.63232, 0.63104, 0.63296, 0.63456, 0.63552]
Para 110 vecinos
Predigo...
Accuracy: [0.62688, 0.62144, 0.6272, 0.6272, 0.63232, 0.63104, 0.63296, 0.63456, 0.63552, 0.63808]
Para 100 vecinos
Predigo...
Accuracy: [0.62688, 0.62144, 0.6272, 0.6272, 0.63232, 0.63104, 0.63296, 0.63456, 0.63552, 0.63808, 0.63712]
Para 90 vecinos
Predigo...
Accuracy: [0.62688, 0.62144, 0.6272, 0.6272, 0.63232, 0.63104, 0.63296, 0.63456, 0.63552, 0.63808, 0.63712, 0.63552]
Para 80 vecinos
Predigo...
Accuracy: [0.62688, 0.62144, 0.6272, 0.6272, 0.63232, 0.63104, 0.63296, 0.63456, 0.63552, 0.63808, 0.63712, 0.63552, 0.63328]
Para 70 vecinos
Predigo...
Accuracy: [0.62688, 0.62144, 0.6272, 0.6272, 0.63232, 0.63104, 0.63296, 0.63456, 0.63552, 0.63808, 0.63712, 0.63552, 0.63328, 0.63616]
Para 60 vecinos
Predigo...
Accuracy: [0.62688, 0.62144, 0.6272, 0.6272, 0.63232, 0.63104, 0.63296, 0.63456, 0.63552, 0.63808, 0.63712, 0.63552, 0.63328, 0.63616, 0.63072]
Para 50 vecinos
Predigo...
Accuracy: [0.62688, 0.62144, 0.6272, 0.6272, 0.63232, 0.63104, 0.63296, 0.63456, 0.63552, 0.63808, 0.63712, 0.63552, 0.63328, 0.63616, 0.63072, 0.62464]
Para 40 vecinos
Predigo...
Accuracy: [0.62688, 0.62144, 0.6272, 0.6272, 0.63232, 0.63104, 0.63296, 0.63456, 0.63552, 0.63808, 0.63712, 0.63552, 0.63328, 0.63616, 0.63072, 0.62464, 0.61792]
Para 30 vecinos
Predigo...
Accuracy: [0.62688, 0.62144, 0.6272, 0.6272, 0.63232, 0.63104, 0.63296, 0.63456, 0.63552, 0.63808, 0.63712, 0.63552, 0.63328, 0.63616, 0.63072, 0.62464, 0.61792, 0.62176]
Para 20 vecinos
Predigo...
Accuracy: [0.62688, 0.62144, 0.6272, 0.6272, 0.63232, 0.63104, 0.63296, 0.63456, 0.63552, 0.63808, 0.63712, 0.63552, 0.63328, 0.63616, 0.63072, 0.62464, 0.61792, 0.62176, 0.60416]
Para 10 vecinos
Predigo...
Accuracy: [0.62688, 0.62144, 0.6272, 0.6272, 0.63232, 0.63104, 0.63296, 0.63456, 0.63552, 0.63808, 0.63712, 0.63552, 0.63328, 0.63616, 0.63072, 0.62464, 0.61792, 0.62176, 0.60416, 0.56608]
[0.62688, 0.62144, 0.6272, 0.6272, 0.63232, 0.63104, 0.63296, 0.63456, 0.63552, 0.63808, 0.63712, 0.63552, 0.63328, 0.63616, 0.63072, 0.62464, 0.61792, 0.62176, 0.60416, 0.56608]
Alpha 10
Entrenando PCA
Para 200 vecinos
[0.60448]
Para 190 vecinos
Predigo...
Accuracy: [0.60448, 0.6016]
Para 180 vecinos
Predigo...
Accuracy: [0.60448, 0.6016, 0.60576]
Para 170 vecinos
Predigo...
Accuracy: [0.60448, 0.6016, 0.60576, 0.60992]
Para 160 vecinos
Predigo...
Accuracy: [0.60448, 0.6016, 0.60576, 0.60992, 0.60512]
Para 150 vecinos
Predigo...
Accuracy: [0.60448, 0.6016, 0.60576, 0.60992, 0.60512, 0.6]
Para 140 vecinos
Predigo...
Accuracy: [0.60448, 0.6016, 0.60576, 0.60992, 0.60512, 0.6, 0.60192]
Para 130 vecinos
Predigo...
Accuracy: [0.60448, 0.6016, 0.60576, 0.60992, 0.60512, 0.6, 0.60192, 0.6]
Para 120 vecinos
Predigo...
Accuracy: [0.60448, 0.6016, 0.60576, 0.60992, 0.60512, 0.6, 0.60192, 0.6, 0.59648]
Para 110 vecinos
Predigo...
Accuracy: [0.60448, 0.6016, 0.60576, 0.60992, 0.60512, 0.6, 0.60192, 0.6, 0.59648, 0.60192]
Para 100 vecinos
Predigo...
Accuracy: [0.60448, 0.6016, 0.60576, 0.60992, 0.60512, 0.6, 0.60192, 0.6, 0.59648, 0.60192, 0.5968]
Para 90 vecinos
Predigo...
Accuracy: [0.60448, 0.6016, 0.60576, 0.60992, 0.60512, 0.6, 0.60192, 0.6, 0.59648, 0.60192, 0.5968, 0.59488]
Para 80 vecinos
Predigo...
Accuracy: [0.60448, 0.6016, 0.60576, 0.60992, 0.60512, 0.6, 0.60192, 0.6, 0.59648, 0.60192, 0.5968, 0.59488, 0.5952]
Para 70 vecinos
Predigo...
Accuracy: [0.60448, 0.6016, 0.60576, 0.60992, 0.60512, 0.6, 0.60192, 0.6, 0.59648, 0.60192, 0.5968, 0.59488, 0.5952, 0.59136]
Para 60 vecinos
Predigo...
Accuracy: [0.60448, 0.6016, 0.60576, 0.60992, 0.60512, 0.6, 0.60192, 0.6, 0.59648, 0.60192, 0.5968, 0.59488, 0.5952, 0.59136, 0.5936]
Para 50 vecinos
Predigo...
Accuracy: [0.60448, 0.6016, 0.60576, 0.60992, 0.60512, 0.6, 0.60192, 0.6, 0.59648, 0.60192, 0.5968, 0.59488, 0.5952, 0.59136, 0.5936, 0.58144]
Para 40 vecinos
Predigo...
Accuracy: [0.60448, 0.6016, 0.60576, 0.60992, 0.60512, 0.6, 0.60192, 0.6, 0.59648, 0.60192, 0.5968, 0.59488, 0.5952, 0.59136, 0.5936, 0.58144, 0.58272]
Para 30 vecinos
Predigo...
Accuracy: [0.60448, 0.6016, 0.60576, 0.60992, 0.60512, 0.6, 0.60192, 0.6, 0.59648, 0.60192, 0.5968, 0.59488, 0.5952, 0.59136, 0.5936, 0.58144, 0.58272, 0.58624]
Para 20 vecinos
Predigo...
Accuracy: [0.60448, 0.6016, 0.60576, 0.60992, 0.60512, 0.6, 0.60192, 0.6, 0.59648, 0.60192, 0.5968, 0.59488, 0.5952, 0.59136, 0.5936, 0.58144, 0.58272, 0.58624, 0.5856]
Para 10 vecinos
Predigo...
Accuracy: [0.60448, 0.6016, 0.60576, 0.60992, 0.60512, 0.6, 0.60192, 0.6, 0.59648, 0.60192, 0.5968, 0.59488, 0.5952, 0.59136, 0.5936, 0.58144, 0.58272, 0.58624, 0.5856, 0.55104]
[0.60448, 0.6016, 0.60576, 0.60992, 0.60512, 0.6, 0.60192, 0.6, 0.59648, 0.60192, 0.5968, 0.59488, 0.5952, 0.59136, 0.5936, 0.58144, 0.58272, 0.58624, 0.5856, 0.55104]
Cantidad de instancias de entrenamiento = 9375
Cantidad de instancias de test = 3125
Alpha 100
Entrenando PCA
Para 200 vecinos
[0.66944]
Para 190 vecinos
Predigo...
Accuracy: [0.66944, 0.66912]
Para 180 vecinos
Predigo...
Accuracy: [0.66944, 0.66912, 0.66752]
Para 170 vecinos
Predigo...
Accuracy: [0.66944, 0.66912, 0.66752, 0.67296]
Para 160 vecinos
Predigo...
Accuracy: [0.66944, 0.66912, 0.66752, 0.67296, 0.67168]
Para 150 vecinos
Predigo...
Accuracy: [0.66944, 0.66912, 0.66752, 0.67296, 0.67168, 0.67488]
Para 140 vecinos
Predigo...
Accuracy: [0.66944, 0.66912, 0.66752, 0.67296, 0.67168, 0.67488, 0.67328]
Para 130 vecinos
Predigo...
Accuracy: [0.66944, 0.66912, 0.66752, 0.67296, 0.67168, 0.67488, 0.67328, 0.6736]
Para 120 vecinos
Predigo...
Accuracy: [0.66944, 0.66912, 0.66752, 0.67296, 0.67168, 0.67488, 0.67328, 0.6736, 0.67424]
Para 110 vecinos
Predigo...
Accuracy: [0.66944, 0.66912, 0.66752, 0.67296, 0.67168, 0.67488, 0.67328, 0.6736, 0.67424, 0.67488]
Para 100 vecinos
Predigo...
Accuracy: [0.66944, 0.66912, 0.66752, 0.67296, 0.67168, 0.67488, 0.67328, 0.6736, 0.67424, 0.67488, 0.67424]
Para 90 vecinos
Predigo...
Accuracy: [0.66944, 0.66912, 0.66752, 0.67296, 0.67168, 0.67488, 0.67328, 0.6736, 0.67424, 0.67488, 0.67424, 0.68224]
Para 80 vecinos
Predigo...
Accuracy: [0.66944, 0.66912, 0.66752, 0.67296, 0.67168, 0.67488, 0.67328, 0.6736, 0.67424, 0.67488, 0.67424, 0.68224, 0.67424]
Para 70 vecinos
Predigo...
Accuracy: [0.66944, 0.66912, 0.66752, 0.67296, 0.67168, 0.67488, 0.67328, 0.6736, 0.67424, 0.67488, 0.67424, 0.68224, 0.67424, 0.67776]
Para 60 vecinos
Predigo...
Accuracy: [0.66944, 0.66912, 0.66752, 0.67296, 0.67168, 0.67488, 0.67328, 0.6736, 0.67424, 0.67488, 0.67424, 0.68224, 0.67424, 0.67776, 0.67648]
Para 50 vecinos
Predigo...
Accuracy: [0.66944, 0.66912, 0.66752, 0.67296, 0.67168, 0.67488, 0.67328, 0.6736, 0.67424, 0.67488, 0.67424, 0.68224, 0.67424, 0.67776, 0.67648, 0.67328]
Para 40 vecinos
Predigo...
Accuracy: [0.66944, 0.66912, 0.66752, 0.67296, 0.67168, 0.67488, 0.67328, 0.6736, 0.67424, 0.67488, 0.67424, 0.68224, 0.67424, 0.67776, 0.67648, 0.67328, 0.66976]
Para 30 vecinos
Predigo...
Accuracy: [0.66944, 0.66912, 0.66752, 0.67296, 0.67168, 0.67488, 0.67328, 0.6736, 0.67424, 0.67488, 0.67424, 0.68224, 0.67424, 0.67776, 0.67648, 0.67328, 0.66976, 0.6624]
Para 20 vecinos
Predigo...
Accuracy: [0.66944, 0.66912, 0.66752, 0.67296, 0.67168, 0.67488, 0.67328, 0.6736, 0.67424, 0.67488, 0.67424, 0.68224, 0.67424, 0.67776, 0.67648, 0.67328, 0.66976, 0.6624, 0.65984]
Para 10 vecinos
Predigo...
Accuracy: [0.66944, 0.66912, 0.66752, 0.67296, 0.67168, 0.67488, 0.67328, 0.6736, 0.67424, 0.67488, 0.67424, 0.68224, 0.67424, 0.67776, 0.67648, 0.67328, 0.66976, 0.6624, 0.65984, 0.63936]
[0.66944, 0.66912, 0.66752, 0.67296, 0.67168, 0.67488, 0.67328, 0.6736, 0.67424, 0.67488, 0.67424, 0.68224, 0.67424, 0.67776, 0.67648, 0.67328, 0.66976, 0.6624, 0.65984, 0.63936]
Alpha 90
Entrenando PCA
Para 200 vecinos
[0.67456]
Para 190 vecinos
Predigo...
Accuracy: [0.67456, 0.6736]
Para 180 vecinos
Predigo...
Accuracy: [0.67456, 0.6736, 0.67584]
Para 170 vecinos
Predigo...
Accuracy: [0.67456, 0.6736, 0.67584, 0.67712]
Para 160 vecinos
Predigo...
Accuracy: [0.67456, 0.6736, 0.67584, 0.67712, 0.67552]
Para 150 vecinos
Predigo...
Accuracy: [0.67456, 0.6736, 0.67584, 0.67712, 0.67552, 0.67936]
Para 140 vecinos
Predigo...
Accuracy: [0.67456, 0.6736, 0.67584, 0.67712, 0.67552, 0.67936, 0.67936]
Para 130 vecinos
Predigo...
Accuracy: [0.67456, 0.6736, 0.67584, 0.67712, 0.67552, 0.67936, 0.67936, 0.67232]
Para 120 vecinos
Predigo...
Accuracy: [0.67456, 0.6736, 0.67584, 0.67712, 0.67552, 0.67936, 0.67936, 0.67232, 0.67712]
Para 110 vecinos
Predigo...
Accuracy: [0.67456, 0.6736, 0.67584, 0.67712, 0.67552, 0.67936, 0.67936, 0.67232, 0.67712, 0.67072]
Para 100 vecinos
Predigo...
Accuracy: [0.67456, 0.6736, 0.67584, 0.67712, 0.67552, 0.67936, 0.67936, 0.67232, 0.67712, 0.67072, 0.67744]
Para 90 vecinos
Predigo...
Accuracy: [0.67456, 0.6736, 0.67584, 0.67712, 0.67552, 0.67936, 0.67936, 0.67232, 0.67712, 0.67072, 0.67744, 0.67488]
Para 80 vecinos
Predigo...
Accuracy: [0.67456, 0.6736, 0.67584, 0.67712, 0.67552, 0.67936, 0.67936, 0.67232, 0.67712, 0.67072, 0.67744, 0.67488, 0.67264]
Para 70 vecinos
Predigo...
Accuracy: [0.67456, 0.6736, 0.67584, 0.67712, 0.67552, 0.67936, 0.67936, 0.67232, 0.67712, 0.67072, 0.67744, 0.67488, 0.67264, 0.672]
Para 60 vecinos
Predigo...
Accuracy: [0.67456, 0.6736, 0.67584, 0.67712, 0.67552, 0.67936, 0.67936, 0.67232, 0.67712, 0.67072, 0.67744, 0.67488, 0.67264, 0.672, 0.67072]
Para 50 vecinos
Predigo...
Accuracy: [0.67456, 0.6736, 0.67584, 0.67712, 0.67552, 0.67936, 0.67936, 0.67232, 0.67712, 0.67072, 0.67744, 0.67488, 0.67264, 0.672, 0.67072, 0.66944]
Para 40 vecinos
Predigo...
Accuracy: [0.67456, 0.6736, 0.67584, 0.67712, 0.67552, 0.67936, 0.67936, 0.67232, 0.67712, 0.67072, 0.67744, 0.67488, 0.67264, 0.672, 0.67072, 0.66944, 0.6656]
Para 30 vecinos
Predigo...
Accuracy: [0.67456, 0.6736, 0.67584, 0.67712, 0.67552, 0.67936, 0.67936, 0.67232, 0.67712, 0.67072, 0.67744, 0.67488, 0.67264, 0.672, 0.67072, 0.66944, 0.6656, 0.66784]
Para 20 vecinos
Predigo...
Accuracy: [0.67456, 0.6736, 0.67584, 0.67712, 0.67552, 0.67936, 0.67936, 0.67232, 0.67712, 0.67072, 0.67744, 0.67488, 0.67264, 0.672, 0.67072, 0.66944, 0.6656, 0.66784, 0.66464]
Para 10 vecinos
Predigo...
Accuracy: [0.67456, 0.6736, 0.67584, 0.67712, 0.67552, 0.67936, 0.67936, 0.67232, 0.67712, 0.67072, 0.67744, 0.67488, 0.67264, 0.672, 0.67072, 0.66944, 0.6656, 0.66784, 0.66464, 0.64352]
[0.67456, 0.6736, 0.67584, 0.67712, 0.67552, 0.67936, 0.67936, 0.67232, 0.67712, 0.67072, 0.67744, 0.67488, 0.67264, 0.672, 0.67072, 0.66944, 0.6656, 0.66784, 0.66464, 0.64352]
Alpha 80
Entrenando PCA
Para 200 vecinos
[0.67008]
Para 190 vecinos
Predigo...
Accuracy: [0.67008, 0.67392]
Para 180 vecinos
Predigo...
Accuracy: [0.67008, 0.67392, 0.67456]
Para 170 vecinos
Predigo...
Accuracy: [0.67008, 0.67392, 0.67456, 0.67552]
Para 160 vecinos
Predigo...
Accuracy: [0.67008, 0.67392, 0.67456, 0.67552, 0.67328]
Para 150 vecinos
Predigo...
Accuracy: [0.67008, 0.67392, 0.67456, 0.67552, 0.67328, 0.67328]
Para 140 vecinos
Predigo...
Accuracy: [0.67008, 0.67392, 0.67456, 0.67552, 0.67328, 0.67328, 0.67328]
Para 130 vecinos
Predigo...
Accuracy: [0.67008, 0.67392, 0.67456, 0.67552, 0.67328, 0.67328, 0.67328, 0.68]
Para 120 vecinos
Predigo...
Accuracy: [0.67008, 0.67392, 0.67456, 0.67552, 0.67328, 0.67328, 0.67328, 0.68, 0.67648]
Para 110 vecinos
Predigo...
Accuracy: [0.67008, 0.67392, 0.67456, 0.67552, 0.67328, 0.67328, 0.67328, 0.68, 0.67648, 0.6784]
Para 100 vecinos
Predigo...
Accuracy: [0.67008, 0.67392, 0.67456, 0.67552, 0.67328, 0.67328, 0.67328, 0.68, 0.67648, 0.6784, 0.67552]
Para 90 vecinos
Predigo...
Accuracy: [0.67008, 0.67392, 0.67456, 0.67552, 0.67328, 0.67328, 0.67328, 0.68, 0.67648, 0.6784, 0.67552, 0.67776]
Para 80 vecinos
Predigo...
Accuracy: [0.67008, 0.67392, 0.67456, 0.67552, 0.67328, 0.67328, 0.67328, 0.68, 0.67648, 0.6784, 0.67552, 0.67776, 0.67936]
Para 70 vecinos
Predigo...
Accuracy: [0.67008, 0.67392, 0.67456, 0.67552, 0.67328, 0.67328, 0.67328, 0.68, 0.67648, 0.6784, 0.67552, 0.67776, 0.67936, 0.67616]
Para 60 vecinos
Predigo...
Accuracy: [0.67008, 0.67392, 0.67456, 0.67552, 0.67328, 0.67328, 0.67328, 0.68, 0.67648, 0.6784, 0.67552, 0.67776, 0.67936, 0.67616, 0.67232]
Para 50 vecinos
Predigo...
Accuracy: [0.67008, 0.67392, 0.67456, 0.67552, 0.67328, 0.67328, 0.67328, 0.68, 0.67648, 0.6784, 0.67552, 0.67776, 0.67936, 0.67616, 0.67232, 0.67456]
Para 40 vecinos
Predigo...
Accuracy: [0.67008, 0.67392, 0.67456, 0.67552, 0.67328, 0.67328, 0.67328, 0.68, 0.67648, 0.6784, 0.67552, 0.67776, 0.67936, 0.67616, 0.67232, 0.67456, 0.66976]
Para 30 vecinos
Predigo...
Accuracy: [0.67008, 0.67392, 0.67456, 0.67552, 0.67328, 0.67328, 0.67328, 0.68, 0.67648, 0.6784, 0.67552, 0.67776, 0.67936, 0.67616, 0.67232, 0.67456, 0.66976, 0.67072]
Para 20 vecinos
Predigo...
Accuracy: [0.67008, 0.67392, 0.67456, 0.67552, 0.67328, 0.67328, 0.67328, 0.68, 0.67648, 0.6784, 0.67552, 0.67776, 0.67936, 0.67616, 0.67232, 0.67456, 0.66976, 0.67072, 0.65472]
Para 10 vecinos
Predigo...
Accuracy: [0.67008, 0.67392, 0.67456, 0.67552, 0.67328, 0.67328, 0.67328, 0.68, 0.67648, 0.6784, 0.67552, 0.67776, 0.67936, 0.67616, 0.67232, 0.67456, 0.66976, 0.67072, 0.65472, 0.64352]
[0.67008, 0.67392, 0.67456, 0.67552, 0.67328, 0.67328, 0.67328, 0.68, 0.67648, 0.6784, 0.67552, 0.67776, 0.67936, 0.67616, 0.67232, 0.67456, 0.66976, 0.67072, 0.65472, 0.64352]
Alpha 70
Entrenando PCA
Para 200 vecinos
[0.67104]
Para 190 vecinos
Predigo...
Accuracy: [0.67104, 0.67296]
Para 180 vecinos
Predigo...
Accuracy: [0.67104, 0.67296, 0.67072]
Para 170 vecinos
Predigo...
Accuracy: [0.67104, 0.67296, 0.67072, 0.67232]
Para 160 vecinos
Predigo...
Accuracy: [0.67104, 0.67296, 0.67072, 0.67232, 0.67648]
Para 150 vecinos
Predigo...
Accuracy: [0.67104, 0.67296, 0.67072, 0.67232, 0.67648, 0.67904]
Para 140 vecinos
Predigo...
Accuracy: [0.67104, 0.67296, 0.67072, 0.67232, 0.67648, 0.67904, 0.67232]
Para 130 vecinos
Predigo...
Accuracy: [0.67104, 0.67296, 0.67072, 0.67232, 0.67648, 0.67904, 0.67232, 0.6736]
Para 120 vecinos
Predigo...
Accuracy: [0.67104, 0.67296, 0.67072, 0.67232, 0.67648, 0.67904, 0.67232, 0.6736, 0.67648]
Para 110 vecinos
Predigo...
Accuracy: [0.67104, 0.67296, 0.67072, 0.67232, 0.67648, 0.67904, 0.67232, 0.6736, 0.67648, 0.67744]
Para 100 vecinos
Predigo...
Accuracy: [0.67104, 0.67296, 0.67072, 0.67232, 0.67648, 0.67904, 0.67232, 0.6736, 0.67648, 0.67744, 0.67296]
Para 90 vecinos
Predigo...
Accuracy: [0.67104, 0.67296, 0.67072, 0.67232, 0.67648, 0.67904, 0.67232, 0.6736, 0.67648, 0.67744, 0.67296, 0.67168]
Para 80 vecinos
Predigo...
Accuracy: [0.67104, 0.67296, 0.67072, 0.67232, 0.67648, 0.67904, 0.67232, 0.6736, 0.67648, 0.67744, 0.67296, 0.67168, 0.67072]
Para 70 vecinos
Predigo...
Accuracy: [0.67104, 0.67296, 0.67072, 0.67232, 0.67648, 0.67904, 0.67232, 0.6736, 0.67648, 0.67744, 0.67296, 0.67168, 0.67072, 0.67168]
Para 60 vecinos
Predigo...
Accuracy: [0.67104, 0.67296, 0.67072, 0.67232, 0.67648, 0.67904, 0.67232, 0.6736, 0.67648, 0.67744, 0.67296, 0.67168, 0.67072, 0.67168, 0.67648]
Para 50 vecinos
Predigo...
Accuracy: [0.67104, 0.67296, 0.67072, 0.67232, 0.67648, 0.67904, 0.67232, 0.6736, 0.67648, 0.67744, 0.67296, 0.67168, 0.67072, 0.67168, 0.67648, 0.67008]
Para 40 vecinos
Predigo...
Accuracy: [0.67104, 0.67296, 0.67072, 0.67232, 0.67648, 0.67904, 0.67232, 0.6736, 0.67648, 0.67744, 0.67296, 0.67168, 0.67072, 0.67168, 0.67648, 0.67008, 0.67616]
Para 30 vecinos
Predigo...
Accuracy: [0.67104, 0.67296, 0.67072, 0.67232, 0.67648, 0.67904, 0.67232, 0.6736, 0.67648, 0.67744, 0.67296, 0.67168, 0.67072, 0.67168, 0.67648, 0.67008, 0.67616, 0.66144]
Para 20 vecinos
Predigo...
Accuracy: [0.67104, 0.67296, 0.67072, 0.67232, 0.67648, 0.67904, 0.67232, 0.6736, 0.67648, 0.67744, 0.67296, 0.67168, 0.67072, 0.67168, 0.67648, 0.67008, 0.67616, 0.66144, 0.64416]
Para 10 vecinos
Predigo...
Accuracy: [0.67104, 0.67296, 0.67072, 0.67232, 0.67648, 0.67904, 0.67232, 0.6736, 0.67648, 0.67744, 0.67296, 0.67168, 0.67072, 0.67168, 0.67648, 0.67008, 0.67616, 0.66144, 0.64416, 0.63744]
[0.67104, 0.67296, 0.67072, 0.67232, 0.67648, 0.67904, 0.67232, 0.6736, 0.67648, 0.67744, 0.67296, 0.67168, 0.67072, 0.67168, 0.67648, 0.67008, 0.67616, 0.66144, 0.64416, 0.63744]
Alpha 60
Entrenando PCA
Para 200 vecinos
[0.67584]
Para 190 vecinos
Predigo...
Accuracy: [0.67584, 0.67296]
Para 180 vecinos
Predigo...
Accuracy: [0.67584, 0.67296, 0.67648]
Para 170 vecinos
Predigo...
Accuracy: [0.67584, 0.67296, 0.67648, 0.67584]
Para 160 vecinos
Predigo...
Accuracy: [0.67584, 0.67296, 0.67648, 0.67584, 0.67456]
Para 150 vecinos
Predigo...
Accuracy: [0.67584, 0.67296, 0.67648, 0.67584, 0.67456, 0.67808]
Para 140 vecinos
Predigo...
Accuracy: [0.67584, 0.67296, 0.67648, 0.67584, 0.67456, 0.67808, 0.67872]
Para 130 vecinos
Predigo...
Accuracy: [0.67584, 0.67296, 0.67648, 0.67584, 0.67456, 0.67808, 0.67872, 0.68064]
Para 120 vecinos
Predigo...
Accuracy: [0.67584, 0.67296, 0.67648, 0.67584, 0.67456, 0.67808, 0.67872, 0.68064, 0.67648]
Para 110 vecinos
Predigo...
Accuracy: [0.67584, 0.67296, 0.67648, 0.67584, 0.67456, 0.67808, 0.67872, 0.68064, 0.67648, 0.67296]
Para 100 vecinos
Predigo...
Accuracy: [0.67584, 0.67296, 0.67648, 0.67584, 0.67456, 0.67808, 0.67872, 0.68064, 0.67648, 0.67296, 0.67552]
Para 90 vecinos
Predigo...
Accuracy: [0.67584, 0.67296, 0.67648, 0.67584, 0.67456, 0.67808, 0.67872, 0.68064, 0.67648, 0.67296, 0.67552, 0.67808]
Para 80 vecinos
Predigo...
Accuracy: [0.67584, 0.67296, 0.67648, 0.67584, 0.67456, 0.67808, 0.67872, 0.68064, 0.67648, 0.67296, 0.67552, 0.67808, 0.67296]
Para 70 vecinos
Predigo...
Accuracy: [0.67584, 0.67296, 0.67648, 0.67584, 0.67456, 0.67808, 0.67872, 0.68064, 0.67648, 0.67296, 0.67552, 0.67808, 0.67296, 0.67648]
Para 60 vecinos
Predigo...
Accuracy: [0.67584, 0.67296, 0.67648, 0.67584, 0.67456, 0.67808, 0.67872, 0.68064, 0.67648, 0.67296, 0.67552, 0.67808, 0.67296, 0.67648, 0.67584]
Para 50 vecinos
Predigo...
Accuracy: [0.67584, 0.67296, 0.67648, 0.67584, 0.67456, 0.67808, 0.67872, 0.68064, 0.67648, 0.67296, 0.67552, 0.67808, 0.67296, 0.67648, 0.67584, 0.67648]
Para 40 vecinos
Predigo...
Accuracy: [0.67584, 0.67296, 0.67648, 0.67584, 0.67456, 0.67808, 0.67872, 0.68064, 0.67648, 0.67296, 0.67552, 0.67808, 0.67296, 0.67648, 0.67584, 0.67648, 0.67104]
Para 30 vecinos
Predigo...
Accuracy: [0.67584, 0.67296, 0.67648, 0.67584, 0.67456, 0.67808, 0.67872, 0.68064, 0.67648, 0.67296, 0.67552, 0.67808, 0.67296, 0.67648, 0.67584, 0.67648, 0.67104, 0.66208]
Para 20 vecinos
Predigo...
Accuracy: [0.67584, 0.67296, 0.67648, 0.67584, 0.67456, 0.67808, 0.67872, 0.68064, 0.67648, 0.67296, 0.67552, 0.67808, 0.67296, 0.67648, 0.67584, 0.67648, 0.67104, 0.66208, 0.65824]
Para 10 vecinos
Predigo...
Accuracy: [0.67584, 0.67296, 0.67648, 0.67584, 0.67456, 0.67808, 0.67872, 0.68064, 0.67648, 0.67296, 0.67552, 0.67808, 0.67296, 0.67648, 0.67584, 0.67648, 0.67104, 0.66208, 0.65824, 0.63296]
[0.67584, 0.67296, 0.67648, 0.67584, 0.67456, 0.67808, 0.67872, 0.68064, 0.67648, 0.67296, 0.67552, 0.67808, 0.67296, 0.67648, 0.67584, 0.67648, 0.67104, 0.66208, 0.65824, 0.63296]
Alpha 50
Entrenando PCA
Para 200 vecinos
[0.67232]
Para 190 vecinos
Predigo...
Accuracy: [0.67232, 0.66752]
Para 180 vecinos
Predigo...
Accuracy: [0.67232, 0.66752, 0.66944]
Para 170 vecinos
Predigo...
Accuracy: [0.67232, 0.66752, 0.66944, 0.66816]
Para 160 vecinos
Predigo...
Accuracy: [0.67232, 0.66752, 0.66944, 0.66816, 0.66752]
Para 150 vecinos
Predigo...
Accuracy: [0.67232, 0.66752, 0.66944, 0.66816, 0.66752, 0.67104]
Para 140 vecinos
Predigo...
Accuracy: [0.67232, 0.66752, 0.66944, 0.66816, 0.66752, 0.67104, 0.67232]
Para 130 vecinos
Predigo...
Accuracy: [0.67232, 0.66752, 0.66944, 0.66816, 0.66752, 0.67104, 0.67232, 0.67136]
Para 120 vecinos
Predigo...
Accuracy: [0.67232, 0.66752, 0.66944, 0.66816, 0.66752, 0.67104, 0.67232, 0.67136, 0.6752]
Para 110 vecinos
Predigo...
Accuracy: [0.67232, 0.66752, 0.66944, 0.66816, 0.66752, 0.67104, 0.67232, 0.67136, 0.6752, 0.67168]
Para 100 vecinos
Predigo...
Accuracy: [0.67232, 0.66752, 0.66944, 0.66816, 0.66752, 0.67104, 0.67232, 0.67136, 0.6752, 0.67168, 0.66976]
Para 90 vecinos
Predigo...
Accuracy: [0.67232, 0.66752, 0.66944, 0.66816, 0.66752, 0.67104, 0.67232, 0.67136, 0.6752, 0.67168, 0.66976, 0.67264]
Para 80 vecinos
Predigo...
Accuracy: [0.67232, 0.66752, 0.66944, 0.66816, 0.66752, 0.67104, 0.67232, 0.67136, 0.6752, 0.67168, 0.66976, 0.67264, 0.66624]
Para 70 vecinos
Predigo...
Accuracy: [0.67232, 0.66752, 0.66944, 0.66816, 0.66752, 0.67104, 0.67232, 0.67136, 0.6752, 0.67168, 0.66976, 0.67264, 0.66624, 0.6688]
Para 60 vecinos
Predigo...
Accuracy: [0.67232, 0.66752, 0.66944, 0.66816, 0.66752, 0.67104, 0.67232, 0.67136, 0.6752, 0.67168, 0.66976, 0.67264, 0.66624, 0.6688, 0.67072]
Para 50 vecinos
Predigo...
Accuracy: [0.67232, 0.66752, 0.66944, 0.66816, 0.66752, 0.67104, 0.67232, 0.67136, 0.6752, 0.67168, 0.66976, 0.67264, 0.66624, 0.6688, 0.67072, 0.67328]
Para 40 vecinos
Predigo...
Accuracy: [0.67232, 0.66752, 0.66944, 0.66816, 0.66752, 0.67104, 0.67232, 0.67136, 0.6752, 0.67168, 0.66976, 0.67264, 0.66624, 0.6688, 0.67072, 0.67328, 0.6688]
Para 30 vecinos
Predigo...
Accuracy: [0.67232, 0.66752, 0.66944, 0.66816, 0.66752, 0.67104, 0.67232, 0.67136, 0.6752, 0.67168, 0.66976, 0.67264, 0.66624, 0.6688, 0.67072, 0.67328, 0.6688, 0.66528]
Para 20 vecinos
Predigo...
Accuracy: [0.67232, 0.66752, 0.66944, 0.66816, 0.66752, 0.67104, 0.67232, 0.67136, 0.6752, 0.67168, 0.66976, 0.67264, 0.66624, 0.6688, 0.67072, 0.67328, 0.6688, 0.66528, 0.65152]
Para 10 vecinos
Predigo...
Accuracy: [0.67232, 0.66752, 0.66944, 0.66816, 0.66752, 0.67104, 0.67232, 0.67136, 0.6752, 0.67168, 0.66976, 0.67264, 0.66624, 0.6688, 0.67072, 0.67328, 0.6688, 0.66528, 0.65152, 0.63616]
[0.67232, 0.66752, 0.66944, 0.66816, 0.66752, 0.67104, 0.67232, 0.67136, 0.6752, 0.67168, 0.66976, 0.67264, 0.66624, 0.6688, 0.67072, 0.67328, 0.6688, 0.66528, 0.65152, 0.63616]
Alpha 40
Entrenando PCA
Para 200 vecinos
[0.65664]
Para 190 vecinos
Predigo...
Accuracy: [0.65664, 0.65952]
Para 180 vecinos
Predigo...
Accuracy: [0.65664, 0.65952, 0.6608]
Para 170 vecinos
Predigo...
Accuracy: [0.65664, 0.65952, 0.6608, 0.66688]
Para 160 vecinos
Predigo...
Accuracy: [0.65664, 0.65952, 0.6608, 0.66688, 0.65824]
Para 150 vecinos
Predigo...
Accuracy: [0.65664, 0.65952, 0.6608, 0.66688, 0.65824, 0.66048]
Para 140 vecinos
Predigo...
Accuracy: [0.65664, 0.65952, 0.6608, 0.66688, 0.65824, 0.66048, 0.66176]
Para 130 vecinos
Predigo...
Accuracy: [0.65664, 0.65952, 0.6608, 0.66688, 0.65824, 0.66048, 0.66176, 0.65952]
Para 120 vecinos
Predigo...
Accuracy: [0.65664, 0.65952, 0.6608, 0.66688, 0.65824, 0.66048, 0.66176, 0.65952, 0.664]
Para 110 vecinos
Predigo...
Accuracy: [0.65664, 0.65952, 0.6608, 0.66688, 0.65824, 0.66048, 0.66176, 0.65952, 0.664, 0.65952]
Para 100 vecinos
Predigo...
Accuracy: [0.65664, 0.65952, 0.6608, 0.66688, 0.65824, 0.66048, 0.66176, 0.65952, 0.664, 0.65952, 0.65792]
Para 90 vecinos
Predigo...
Accuracy: [0.65664, 0.65952, 0.6608, 0.66688, 0.65824, 0.66048, 0.66176, 0.65952, 0.664, 0.65952, 0.65792, 0.66208]
Para 80 vecinos
Predigo...
Accuracy: [0.65664, 0.65952, 0.6608, 0.66688, 0.65824, 0.66048, 0.66176, 0.65952, 0.664, 0.65952, 0.65792, 0.66208, 0.66176]
Para 70 vecinos
Predigo...
Accuracy: [0.65664, 0.65952, 0.6608, 0.66688, 0.65824, 0.66048, 0.66176, 0.65952, 0.664, 0.65952, 0.65792, 0.66208, 0.66176, 0.65984]
Para 60 vecinos
Predigo...
Accuracy: [0.65664, 0.65952, 0.6608, 0.66688, 0.65824, 0.66048, 0.66176, 0.65952, 0.664, 0.65952, 0.65792, 0.66208, 0.66176, 0.65984, 0.66016]
Para 50 vecinos
Predigo...
Accuracy: [0.65664, 0.65952, 0.6608, 0.66688, 0.65824, 0.66048, 0.66176, 0.65952, 0.664, 0.65952, 0.65792, 0.66208, 0.66176, 0.65984, 0.66016, 0.65312]
Para 40 vecinos
Predigo...
Accuracy: [0.65664, 0.65952, 0.6608, 0.66688, 0.65824, 0.66048, 0.66176, 0.65952, 0.664, 0.65952, 0.65792, 0.66208, 0.66176, 0.65984, 0.66016, 0.65312, 0.64768]
Para 30 vecinos
Predigo...
Accuracy: [0.65664, 0.65952, 0.6608, 0.66688, 0.65824, 0.66048, 0.66176, 0.65952, 0.664, 0.65952, 0.65792, 0.66208, 0.66176, 0.65984, 0.66016, 0.65312, 0.64768, 0.64672]
Para 20 vecinos
Predigo...
Accuracy: [0.65664, 0.65952, 0.6608, 0.66688, 0.65824, 0.66048, 0.66176, 0.65952, 0.664, 0.65952, 0.65792, 0.66208, 0.66176, 0.65984, 0.66016, 0.65312, 0.64768, 0.64672, 0.64736]
Para 10 vecinos
Predigo...
Accuracy: [0.65664, 0.65952, 0.6608, 0.66688, 0.65824, 0.66048, 0.66176, 0.65952, 0.664, 0.65952, 0.65792, 0.66208, 0.66176, 0.65984, 0.66016, 0.65312, 0.64768, 0.64672, 0.64736, 0.61984]
[0.65664, 0.65952, 0.6608, 0.66688, 0.65824, 0.66048, 0.66176, 0.65952, 0.664, 0.65952, 0.65792, 0.66208, 0.66176, 0.65984, 0.66016, 0.65312, 0.64768, 0.64672, 0.64736, 0.61984]
Alpha 30
Entrenando PCA
Para 200 vecinos
[0.65408]
Para 190 vecinos
Predigo...
Accuracy: [0.65408, 0.65536]
Para 180 vecinos
Predigo...
Accuracy: [0.65408, 0.65536, 0.6528]
Para 170 vecinos
Predigo...
Accuracy: [0.65408, 0.65536, 0.6528, 0.656]
Para 160 vecinos
Predigo...
Accuracy: [0.65408, 0.65536, 0.6528, 0.656, 0.66048]
Para 150 vecinos
Predigo...
Accuracy: [0.65408, 0.65536, 0.6528, 0.656, 0.66048, 0.65888]
Para 140 vecinos
Predigo...
Accuracy: [0.65408, 0.65536, 0.6528, 0.656, 0.66048, 0.65888, 0.65568]
Para 130 vecinos
Predigo...
Accuracy: [0.65408, 0.65536, 0.6528, 0.656, 0.66048, 0.65888, 0.65568, 0.65888]
Para 120 vecinos
Predigo...
Accuracy: [0.65408, 0.65536, 0.6528, 0.656, 0.66048, 0.65888, 0.65568, 0.65888, 0.6576]
Para 110 vecinos
Predigo...
Accuracy: [0.65408, 0.65536, 0.6528, 0.656, 0.66048, 0.65888, 0.65568, 0.65888, 0.6576, 0.65248]
Para 100 vecinos
Predigo...
Accuracy: [0.65408, 0.65536, 0.6528, 0.656, 0.66048, 0.65888, 0.65568, 0.65888, 0.6576, 0.65248, 0.65344]
Para 90 vecinos
Predigo...
Accuracy: [0.65408, 0.65536, 0.6528, 0.656, 0.66048, 0.65888, 0.65568, 0.65888, 0.6576, 0.65248, 0.65344, 0.66272]
Para 80 vecinos
Predigo...
Accuracy: [0.65408, 0.65536, 0.6528, 0.656, 0.66048, 0.65888, 0.65568, 0.65888, 0.6576, 0.65248, 0.65344, 0.66272, 0.66016]
Para 70 vecinos
Predigo...
Accuracy: [0.65408, 0.65536, 0.6528, 0.656, 0.66048, 0.65888, 0.65568, 0.65888, 0.6576, 0.65248, 0.65344, 0.66272, 0.66016, 0.65312]
Para 60 vecinos
Predigo...
Accuracy: [0.65408, 0.65536, 0.6528, 0.656, 0.66048, 0.65888, 0.65568, 0.65888, 0.6576, 0.65248, 0.65344, 0.66272, 0.66016, 0.65312, 0.65376]
Para 50 vecinos
Predigo...
Accuracy: [0.65408, 0.65536, 0.6528, 0.656, 0.66048, 0.65888, 0.65568, 0.65888, 0.6576, 0.65248, 0.65344, 0.66272, 0.66016, 0.65312, 0.65376, 0.65216]
Para 40 vecinos
Predigo...
Accuracy: [0.65408, 0.65536, 0.6528, 0.656, 0.66048, 0.65888, 0.65568, 0.65888, 0.6576, 0.65248, 0.65344, 0.66272, 0.66016, 0.65312, 0.65376, 0.65216, 0.64672]
Para 30 vecinos
Predigo...
Accuracy: [0.65408, 0.65536, 0.6528, 0.656, 0.66048, 0.65888, 0.65568, 0.65888, 0.6576, 0.65248, 0.65344, 0.66272, 0.66016, 0.65312, 0.65376, 0.65216, 0.64672, 0.65248]
Para 20 vecinos
Predigo...
Accuracy: [0.65408, 0.65536, 0.6528, 0.656, 0.66048, 0.65888, 0.65568, 0.65888, 0.6576, 0.65248, 0.65344, 0.66272, 0.66016, 0.65312, 0.65376, 0.65216, 0.64672, 0.65248, 0.63616]
Para 10 vecinos
Predigo...
Accuracy: [0.65408, 0.65536, 0.6528, 0.656, 0.66048, 0.65888, 0.65568, 0.65888, 0.6576, 0.65248, 0.65344, 0.66272, 0.66016, 0.65312, 0.65376, 0.65216, 0.64672, 0.65248, 0.63616, 0.61824]
[0.65408, 0.65536, 0.6528, 0.656, 0.66048, 0.65888, 0.65568, 0.65888, 0.6576, 0.65248, 0.65344, 0.66272, 0.66016, 0.65312, 0.65376, 0.65216, 0.64672, 0.65248, 0.63616, 0.61824]
Alpha 20
Entrenando PCA
Para 200 vecinos
[0.6176]
Para 190 vecinos
Predigo...
Accuracy: [0.6176, 0.61888]
Para 180 vecinos
Predigo...
Accuracy: [0.6176, 0.61888, 0.6224]
Para 170 vecinos
Predigo...
Accuracy: [0.6176, 0.61888, 0.6224, 0.61792]
Para 160 vecinos
Predigo...
Accuracy: [0.6176, 0.61888, 0.6224, 0.61792, 0.62048]
Para 150 vecinos
Predigo...
Accuracy: [0.6176, 0.61888, 0.6224, 0.61792, 0.62048, 0.62176]
Para 140 vecinos
Predigo...
Accuracy: [0.6176, 0.61888, 0.6224, 0.61792, 0.62048, 0.62176, 0.6224]
Para 130 vecinos
Predigo...
Accuracy: [0.6176, 0.61888, 0.6224, 0.61792, 0.62048, 0.62176, 0.6224, 0.61888]
Para 120 vecinos
Predigo...
Accuracy: [0.6176, 0.61888, 0.6224, 0.61792, 0.62048, 0.62176, 0.6224, 0.61888, 0.62208]
Para 110 vecinos
Predigo...
Accuracy: [0.6176, 0.61888, 0.6224, 0.61792, 0.62048, 0.62176, 0.6224, 0.61888, 0.62208, 0.62176]
Para 100 vecinos
Predigo...
Accuracy: [0.6176, 0.61888, 0.6224, 0.61792, 0.62048, 0.62176, 0.6224, 0.61888, 0.62208, 0.62176, 0.62624]
Para 90 vecinos
Predigo...
Accuracy: [0.6176, 0.61888, 0.6224, 0.61792, 0.62048, 0.62176, 0.6224, 0.61888, 0.62208, 0.62176, 0.62624, 0.62048]
Para 80 vecinos
Predigo...
Accuracy: [0.6176, 0.61888, 0.6224, 0.61792, 0.62048, 0.62176, 0.6224, 0.61888, 0.62208, 0.62176, 0.62624, 0.62048, 0.61952]
Para 70 vecinos
Predigo...
Accuracy: [0.6176, 0.61888, 0.6224, 0.61792, 0.62048, 0.62176, 0.6224, 0.61888, 0.62208, 0.62176, 0.62624, 0.62048, 0.61952, 0.62208]
Para 60 vecinos
Predigo...
Accuracy: [0.6176, 0.61888, 0.6224, 0.61792, 0.62048, 0.62176, 0.6224, 0.61888, 0.62208, 0.62176, 0.62624, 0.62048, 0.61952, 0.62208, 0.62272]
Para 50 vecinos
Predigo...
Accuracy: [0.6176, 0.61888, 0.6224, 0.61792, 0.62048, 0.62176, 0.6224, 0.61888, 0.62208, 0.62176, 0.62624, 0.62048, 0.61952, 0.62208, 0.62272, 0.61248]
Para 40 vecinos
Predigo...
Accuracy: [0.6176, 0.61888, 0.6224, 0.61792, 0.62048, 0.62176, 0.6224, 0.61888, 0.62208, 0.62176, 0.62624, 0.62048, 0.61952, 0.62208, 0.62272, 0.61248, 0.6048]
Para 30 vecinos
Predigo...
Accuracy: [0.6176, 0.61888, 0.6224, 0.61792, 0.62048, 0.62176, 0.6224, 0.61888, 0.62208, 0.62176, 0.62624, 0.62048, 0.61952, 0.62208, 0.62272, 0.61248, 0.6048, 0.61056]
Para 20 vecinos
Predigo...
Accuracy: [0.6176, 0.61888, 0.6224, 0.61792, 0.62048, 0.62176, 0.6224, 0.61888, 0.62208, 0.62176, 0.62624, 0.62048, 0.61952, 0.62208, 0.62272, 0.61248, 0.6048, 0.61056, 0.60672]
Para 10 vecinos
Predigo...
Accuracy: [0.6176, 0.61888, 0.6224, 0.61792, 0.62048, 0.62176, 0.6224, 0.61888, 0.62208, 0.62176, 0.62624, 0.62048, 0.61952, 0.62208, 0.62272, 0.61248, 0.6048, 0.61056, 0.60672, 0.58464]
[0.6176, 0.61888, 0.6224, 0.61792, 0.62048, 0.62176, 0.6224, 0.61888, 0.62208, 0.62176, 0.62624, 0.62048, 0.61952, 0.62208, 0.62272, 0.61248, 0.6048, 0.61056, 0.60672, 0.58464]
Alpha 10
Entrenando PCA
Para 200 vecinos
[0.59808]
Para 190 vecinos
Predigo...
Accuracy: [0.59808, 0.59456]
Para 180 vecinos
Predigo...
Accuracy: [0.59808, 0.59456, 0.59552]
Para 170 vecinos
Predigo...
Accuracy: [0.59808, 0.59456, 0.59552, 0.59712]
Para 160 vecinos
Predigo...
Accuracy: [0.59808, 0.59456, 0.59552, 0.59712, 0.5984]
Para 150 vecinos
Predigo...
Accuracy: [0.59808, 0.59456, 0.59552, 0.59712, 0.5984, 0.59712]
Para 140 vecinos
Predigo...
Accuracy: [0.59808, 0.59456, 0.59552, 0.59712, 0.5984, 0.59712, 0.59552]
Para 130 vecinos
Predigo...
Accuracy: [0.59808, 0.59456, 0.59552, 0.59712, 0.5984, 0.59712, 0.59552, 0.59776]
Para 120 vecinos
Predigo...
Accuracy: [0.59808, 0.59456, 0.59552, 0.59712, 0.5984, 0.59712, 0.59552, 0.59776, 0.59744]
Para 110 vecinos
Predigo...
Accuracy: [0.59808, 0.59456, 0.59552, 0.59712, 0.5984, 0.59712, 0.59552, 0.59776, 0.59744, 0.59712]
Para 100 vecinos
Predigo...
Accuracy: [0.59808, 0.59456, 0.59552, 0.59712, 0.5984, 0.59712, 0.59552, 0.59776, 0.59744, 0.59712, 0.60128]
Para 90 vecinos
Predigo...
Accuracy: [0.59808, 0.59456, 0.59552, 0.59712, 0.5984, 0.59712, 0.59552, 0.59776, 0.59744, 0.59712, 0.60128, 0.59712]
Para 80 vecinos
Predigo...
Accuracy: [0.59808, 0.59456, 0.59552, 0.59712, 0.5984, 0.59712, 0.59552, 0.59776, 0.59744, 0.59712, 0.60128, 0.59712, 0.59776]
Para 70 vecinos
Predigo...
Accuracy: [0.59808, 0.59456, 0.59552, 0.59712, 0.5984, 0.59712, 0.59552, 0.59776, 0.59744, 0.59712, 0.60128, 0.59712, 0.59776, 0.59776]
Para 60 vecinos
Predigo...
Accuracy: [0.59808, 0.59456, 0.59552, 0.59712, 0.5984, 0.59712, 0.59552, 0.59776, 0.59744, 0.59712, 0.60128, 0.59712, 0.59776, 0.59776, 0.6016]
Para 50 vecinos
Predigo...
Accuracy: [0.59808, 0.59456, 0.59552, 0.59712, 0.5984, 0.59712, 0.59552, 0.59776, 0.59744, 0.59712, 0.60128, 0.59712, 0.59776, 0.59776, 0.6016, 0.59968]
Para 40 vecinos
Predigo...
Accuracy: [0.59808, 0.59456, 0.59552, 0.59712, 0.5984, 0.59712, 0.59552, 0.59776, 0.59744, 0.59712, 0.60128, 0.59712, 0.59776, 0.59776, 0.6016, 0.59968, 0.59584]
Para 30 vecinos
Predigo...
Accuracy: [0.59808, 0.59456, 0.59552, 0.59712, 0.5984, 0.59712, 0.59552, 0.59776, 0.59744, 0.59712, 0.60128, 0.59712, 0.59776, 0.59776, 0.6016, 0.59968, 0.59584, 0.59232]
Para 20 vecinos
Predigo...
Accuracy: [0.59808, 0.59456, 0.59552, 0.59712, 0.5984, 0.59712, 0.59552, 0.59776, 0.59744, 0.59712, 0.60128, 0.59712, 0.59776, 0.59776, 0.6016, 0.59968, 0.59584, 0.59232, 0.59104]
Para 10 vecinos
Predigo...
Accuracy: [0.59808, 0.59456, 0.59552, 0.59712, 0.5984, 0.59712, 0.59552, 0.59776, 0.59744, 0.59712, 0.60128, 0.59712, 0.59776, 0.59776, 0.6016, 0.59968, 0.59584, 0.59232, 0.59104, 0.55232]
[0.59808, 0.59456, 0.59552, 0.59712, 0.5984, 0.59712, 0.59552, 0.59776, 0.59744, 0.59712, 0.60128, 0.59712, 0.59776, 0.59776, 0.6016, 0.59968, 0.59584, 0.59232, 0.59104, 0.55232]
Cantidad de instancias de entrenamiento = 9375
Cantidad de instancias de test = 3125
Alpha 100
Entrenando PCA
Para 200 vecinos
[0.66304]
Para 190 vecinos
Predigo...
Accuracy: [0.66304, 0.66176]
Para 180 vecinos
Predigo...
Accuracy: [0.66304, 0.66176, 0.66336]
Para 170 vecinos
Predigo...
Accuracy: [0.66304, 0.66176, 0.66336, 0.6656]
Para 160 vecinos
Predigo...
Accuracy: [0.66304, 0.66176, 0.66336, 0.6656, 0.66368]
Para 150 vecinos
Predigo...
Accuracy: [0.66304, 0.66176, 0.66336, 0.6656, 0.66368, 0.66592]
Para 140 vecinos
Predigo...
Accuracy: [0.66304, 0.66176, 0.66336, 0.6656, 0.66368, 0.66592, 0.66816]
Para 130 vecinos
Predigo...
Accuracy: [0.66304, 0.66176, 0.66336, 0.6656, 0.66368, 0.66592, 0.66816, 0.6672]
Para 120 vecinos
Predigo...
Accuracy: [0.66304, 0.66176, 0.66336, 0.6656, 0.66368, 0.66592, 0.66816, 0.6672, 0.66432]
Para 110 vecinos
Predigo...
Accuracy: [0.66304, 0.66176, 0.66336, 0.6656, 0.66368, 0.66592, 0.66816, 0.6672, 0.66432, 0.66624]
Para 100 vecinos
Predigo...
Accuracy: [0.66304, 0.66176, 0.66336, 0.6656, 0.66368, 0.66592, 0.66816, 0.6672, 0.66432, 0.66624, 0.66688]
Para 90 vecinos
Predigo...
Accuracy: [0.66304, 0.66176, 0.66336, 0.6656, 0.66368, 0.66592, 0.66816, 0.6672, 0.66432, 0.66624, 0.66688, 0.66784]
Para 80 vecinos
Predigo...
Accuracy: [0.66304, 0.66176, 0.66336, 0.6656, 0.66368, 0.66592, 0.66816, 0.6672, 0.66432, 0.66624, 0.66688, 0.66784, 0.672]
Para 70 vecinos
Predigo...
Accuracy: [0.66304, 0.66176, 0.66336, 0.6656, 0.66368, 0.66592, 0.66816, 0.6672, 0.66432, 0.66624, 0.66688, 0.66784, 0.672, 0.66592]
Para 60 vecinos
Predigo...
Accuracy: [0.66304, 0.66176, 0.66336, 0.6656, 0.66368, 0.66592, 0.66816, 0.6672, 0.66432, 0.66624, 0.66688, 0.66784, 0.672, 0.66592, 0.66016]
Para 50 vecinos
Predigo...
Accuracy: [0.66304, 0.66176, 0.66336, 0.6656, 0.66368, 0.66592, 0.66816, 0.6672, 0.66432, 0.66624, 0.66688, 0.66784, 0.672, 0.66592, 0.66016, 0.65216]
Para 40 vecinos
Predigo...
Accuracy: [0.66304, 0.66176, 0.66336, 0.6656, 0.66368, 0.66592, 0.66816, 0.6672, 0.66432, 0.66624, 0.66688, 0.66784, 0.672, 0.66592, 0.66016, 0.65216, 0.64736]
Para 30 vecinos
Predigo...
Accuracy: [0.66304, 0.66176, 0.66336, 0.6656, 0.66368, 0.66592, 0.66816, 0.6672, 0.66432, 0.66624, 0.66688, 0.66784, 0.672, 0.66592, 0.66016, 0.65216, 0.64736, 0.65152]
Para 20 vecinos
Predigo...
Accuracy: [0.66304, 0.66176, 0.66336, 0.6656, 0.66368, 0.66592, 0.66816, 0.6672, 0.66432, 0.66624, 0.66688, 0.66784, 0.672, 0.66592, 0.66016, 0.65216, 0.64736, 0.65152, 0.64448]
Para 10 vecinos
Predigo...
Accuracy: [0.66304, 0.66176, 0.66336, 0.6656, 0.66368, 0.66592, 0.66816, 0.6672, 0.66432, 0.66624, 0.66688, 0.66784, 0.672, 0.66592, 0.66016, 0.65216, 0.64736, 0.65152, 0.64448, 0.63136]
[0.66304, 0.66176, 0.66336, 0.6656, 0.66368, 0.66592, 0.66816, 0.6672, 0.66432, 0.66624, 0.66688, 0.66784, 0.672, 0.66592, 0.66016, 0.65216, 0.64736, 0.65152, 0.64448, 0.63136]
Alpha 90
Entrenando PCA
Para 200 vecinos
[0.66016]
Para 190 vecinos
Predigo...
Accuracy: [0.66016, 0.6624]
Para 180 vecinos
Predigo...
Accuracy: [0.66016, 0.6624, 0.66624]
Para 170 vecinos
Predigo...
Accuracy: [0.66016, 0.6624, 0.66624, 0.66912]
Para 160 vecinos
Predigo...
Accuracy: [0.66016, 0.6624, 0.66624, 0.66912, 0.66624]
Para 150 vecinos
Predigo...
Accuracy: [0.66016, 0.6624, 0.66624, 0.66912, 0.66624, 0.66336]
Para 140 vecinos
Predigo...
Accuracy: [0.66016, 0.6624, 0.66624, 0.66912, 0.66624, 0.66336, 0.66976]
Para 130 vecinos
Predigo...
Accuracy: [0.66016, 0.6624, 0.66624, 0.66912, 0.66624, 0.66336, 0.66976, 0.66848]
Para 120 vecinos
Predigo...
Accuracy: [0.66016, 0.6624, 0.66624, 0.66912, 0.66624, 0.66336, 0.66976, 0.66848, 0.66688]
Para 110 vecinos
Predigo...
Accuracy: [0.66016, 0.6624, 0.66624, 0.66912, 0.66624, 0.66336, 0.66976, 0.66848, 0.66688, 0.6656]
Para 100 vecinos
Predigo...
Accuracy: [0.66016, 0.6624, 0.66624, 0.66912, 0.66624, 0.66336, 0.66976, 0.66848, 0.66688, 0.6656, 0.66752]
Para 90 vecinos
Predigo...
Accuracy: [0.66016, 0.6624, 0.66624, 0.66912, 0.66624, 0.66336, 0.66976, 0.66848, 0.66688, 0.6656, 0.66752, 0.66976]
Para 80 vecinos
Predigo...
Accuracy: [0.66016, 0.6624, 0.66624, 0.66912, 0.66624, 0.66336, 0.66976, 0.66848, 0.66688, 0.6656, 0.66752, 0.66976, 0.6688]
Para 70 vecinos
Predigo...
Accuracy: [0.66016, 0.6624, 0.66624, 0.66912, 0.66624, 0.66336, 0.66976, 0.66848, 0.66688, 0.6656, 0.66752, 0.66976, 0.6688, 0.65952]
Para 60 vecinos
Predigo...
Accuracy: [0.66016, 0.6624, 0.66624, 0.66912, 0.66624, 0.66336, 0.66976, 0.66848, 0.66688, 0.6656, 0.66752, 0.66976, 0.6688, 0.65952, 0.66048]
Para 50 vecinos
Predigo...
Accuracy: [0.66016, 0.6624, 0.66624, 0.66912, 0.66624, 0.66336, 0.66976, 0.66848, 0.66688, 0.6656, 0.66752, 0.66976, 0.6688, 0.65952, 0.66048, 0.6528]
Para 40 vecinos
Predigo...
Accuracy: [0.66016, 0.6624, 0.66624, 0.66912, 0.66624, 0.66336, 0.66976, 0.66848, 0.66688, 0.6656, 0.66752, 0.66976, 0.6688, 0.65952, 0.66048, 0.6528, 0.65536]
Para 30 vecinos
Predigo...
Accuracy: [0.66016, 0.6624, 0.66624, 0.66912, 0.66624, 0.66336, 0.66976, 0.66848, 0.66688, 0.6656, 0.66752, 0.66976, 0.6688, 0.65952, 0.66048, 0.6528, 0.65536, 0.65344]
Para 20 vecinos
Predigo...
Accuracy: [0.66016, 0.6624, 0.66624, 0.66912, 0.66624, 0.66336, 0.66976, 0.66848, 0.66688, 0.6656, 0.66752, 0.66976, 0.6688, 0.65952, 0.66048, 0.6528, 0.65536, 0.65344, 0.64672]
Para 10 vecinos
Predigo...
Accuracy: [0.66016, 0.6624, 0.66624, 0.66912, 0.66624, 0.66336, 0.66976, 0.66848, 0.66688, 0.6656, 0.66752, 0.66976, 0.6688, 0.65952, 0.66048, 0.6528, 0.65536, 0.65344, 0.64672, 0.62592]
[0.66016, 0.6624, 0.66624, 0.66912, 0.66624, 0.66336, 0.66976, 0.66848, 0.66688, 0.6656, 0.66752, 0.66976, 0.6688, 0.65952, 0.66048, 0.6528, 0.65536, 0.65344, 0.64672, 0.62592]
Alpha 80
Entrenando PCA
Para 200 vecinos
[0.65952]
Para 190 vecinos
Predigo...
Accuracy: [0.65952, 0.66144]
Para 180 vecinos
Predigo...
Accuracy: [0.65952, 0.66144, 0.65824]
Para 170 vecinos
Predigo...
Accuracy: [0.65952, 0.66144, 0.65824, 0.66656]
Para 160 vecinos
Predigo...
Accuracy: [0.65952, 0.66144, 0.65824, 0.66656, 0.664]
Para 150 vecinos
Predigo...
Accuracy: [0.65952, 0.66144, 0.65824, 0.66656, 0.664, 0.66816]
Para 140 vecinos
Predigo...
Accuracy: [0.65952, 0.66144, 0.65824, 0.66656, 0.664, 0.66816, 0.66688]
Para 130 vecinos
Predigo...
Accuracy: [0.65952, 0.66144, 0.65824, 0.66656, 0.664, 0.66816, 0.66688, 0.66816]
Para 120 vecinos
Predigo...
Accuracy: [0.65952, 0.66144, 0.65824, 0.66656, 0.664, 0.66816, 0.66688, 0.66816, 0.66848]
Para 110 vecinos
Predigo...
Accuracy: [0.65952, 0.66144, 0.65824, 0.66656, 0.664, 0.66816, 0.66688, 0.66816, 0.66848, 0.6688]
Para 100 vecinos
Predigo...
Accuracy: [0.65952, 0.66144, 0.65824, 0.66656, 0.664, 0.66816, 0.66688, 0.66816, 0.66848, 0.6688, 0.66784]
Para 90 vecinos
Predigo...
Accuracy: [0.65952, 0.66144, 0.65824, 0.66656, 0.664, 0.66816, 0.66688, 0.66816, 0.66848, 0.6688, 0.66784, 0.66496]
Para 80 vecinos
Predigo...
Accuracy: [0.65952, 0.66144, 0.65824, 0.66656, 0.664, 0.66816, 0.66688, 0.66816, 0.66848, 0.6688, 0.66784, 0.66496, 0.66784]
Para 70 vecinos
Predigo...
Accuracy: [0.65952, 0.66144, 0.65824, 0.66656, 0.664, 0.66816, 0.66688, 0.66816, 0.66848, 0.6688, 0.66784, 0.66496, 0.66784, 0.66464]
Para 60 vecinos
Predigo...
Accuracy: [0.65952, 0.66144, 0.65824, 0.66656, 0.664, 0.66816, 0.66688, 0.66816, 0.66848, 0.6688, 0.66784, 0.66496, 0.66784, 0.66464, 0.6576]
Para 50 vecinos
Predigo...
Accuracy: [0.65952, 0.66144, 0.65824, 0.66656, 0.664, 0.66816, 0.66688, 0.66816, 0.66848, 0.6688, 0.66784, 0.66496, 0.66784, 0.66464, 0.6576, 0.65824]
Para 40 vecinos
Predigo...
Accuracy: [0.65952, 0.66144, 0.65824, 0.66656, 0.664, 0.66816, 0.66688, 0.66816, 0.66848, 0.6688, 0.66784, 0.66496, 0.66784, 0.66464, 0.6576, 0.65824, 0.65536]
Para 30 vecinos
Predigo...
Accuracy: [0.65952, 0.66144, 0.65824, 0.66656, 0.664, 0.66816, 0.66688, 0.66816, 0.66848, 0.6688, 0.66784, 0.66496, 0.66784, 0.66464, 0.6576, 0.65824, 0.65536, 0.65024]
Para 20 vecinos
Predigo...
Accuracy: [0.65952, 0.66144, 0.65824, 0.66656, 0.664, 0.66816, 0.66688, 0.66816, 0.66848, 0.6688, 0.66784, 0.66496, 0.66784, 0.66464, 0.6576, 0.65824, 0.65536, 0.65024, 0.64704]
Para 10 vecinos
Predigo...
Accuracy: [0.65952, 0.66144, 0.65824, 0.66656, 0.664, 0.66816, 0.66688, 0.66816, 0.66848, 0.6688, 0.66784, 0.66496, 0.66784, 0.66464, 0.6576, 0.65824, 0.65536, 0.65024, 0.64704, 0.61824]
[0.65952, 0.66144, 0.65824, 0.66656, 0.664, 0.66816, 0.66688, 0.66816, 0.66848, 0.6688, 0.66784, 0.66496, 0.66784, 0.66464, 0.6576, 0.65824, 0.65536, 0.65024, 0.64704, 0.61824]
Alpha 70
Entrenando PCA
Para 200 vecinos
[0.6608]
Para 190 vecinos
Predigo...
Accuracy: [0.6608, 0.6608]
Para 180 vecinos
Predigo...
Accuracy: [0.6608, 0.6608, 0.66048]
Para 170 vecinos
Predigo...
Accuracy: [0.6608, 0.6608, 0.66048, 0.66432]
Para 160 vecinos
Predigo...
Accuracy: [0.6608, 0.6608, 0.66048, 0.66432, 0.66528]
Para 150 vecinos
Predigo...
Accuracy: [0.6608, 0.6608, 0.66048, 0.66432, 0.66528, 0.6656]
Para 140 vecinos
Predigo...
Accuracy: [0.6608, 0.6608, 0.66048, 0.66432, 0.66528, 0.6656, 0.66368]
Para 130 vecinos
Predigo...
Accuracy: [0.6608, 0.6608, 0.66048, 0.66432, 0.66528, 0.6656, 0.66368, 0.66176]
Para 120 vecinos
Predigo...
Accuracy: [0.6608, 0.6608, 0.66048, 0.66432, 0.66528, 0.6656, 0.66368, 0.66176, 0.66208]
Para 110 vecinos
Predigo...
Accuracy: [0.6608, 0.6608, 0.66048, 0.66432, 0.66528, 0.6656, 0.66368, 0.66176, 0.66208, 0.66528]
Para 100 vecinos
Predigo...
Accuracy: [0.6608, 0.6608, 0.66048, 0.66432, 0.66528, 0.6656, 0.66368, 0.66176, 0.66208, 0.66528, 0.664]
Para 90 vecinos
Predigo...
Accuracy: [0.6608, 0.6608, 0.66048, 0.66432, 0.66528, 0.6656, 0.66368, 0.66176, 0.66208, 0.66528, 0.664, 0.6608]
Para 80 vecinos
Predigo...
Accuracy: [0.6608, 0.6608, 0.66048, 0.66432, 0.66528, 0.6656, 0.66368, 0.66176, 0.66208, 0.66528, 0.664, 0.6608, 0.66208]
Para 70 vecinos
Predigo...
Accuracy: [0.6608, 0.6608, 0.66048, 0.66432, 0.66528, 0.6656, 0.66368, 0.66176, 0.66208, 0.66528, 0.664, 0.6608, 0.66208, 0.66144]
Para 60 vecinos
Predigo...
Accuracy: [0.6608, 0.6608, 0.66048, 0.66432, 0.66528, 0.6656, 0.66368, 0.66176, 0.66208, 0.66528, 0.664, 0.6608, 0.66208, 0.66144, 0.6624]
Para 50 vecinos
Predigo...
Accuracy: [0.6608, 0.6608, 0.66048, 0.66432, 0.66528, 0.6656, 0.66368, 0.66176, 0.66208, 0.66528, 0.664, 0.6608, 0.66208, 0.66144, 0.6624, 0.64992]
Para 40 vecinos
Predigo...
Accuracy: [0.6608, 0.6608, 0.66048, 0.66432, 0.66528, 0.6656, 0.66368, 0.66176, 0.66208, 0.66528, 0.664, 0.6608, 0.66208, 0.66144, 0.6624, 0.64992, 0.65376]
Para 30 vecinos
Predigo...
Accuracy: [0.6608, 0.6608, 0.66048, 0.66432, 0.66528, 0.6656, 0.66368, 0.66176, 0.66208, 0.66528, 0.664, 0.6608, 0.66208, 0.66144, 0.6624, 0.64992, 0.65376, 0.63744]
Para 20 vecinos
Predigo...
Accuracy: [0.6608, 0.6608, 0.66048, 0.66432, 0.66528, 0.6656, 0.66368, 0.66176, 0.66208, 0.66528, 0.664, 0.6608, 0.66208, 0.66144, 0.6624, 0.64992, 0.65376, 0.63744, 0.63616]
Para 10 vecinos
Predigo...
Accuracy: [0.6608, 0.6608, 0.66048, 0.66432, 0.66528, 0.6656, 0.66368, 0.66176, 0.66208, 0.66528, 0.664, 0.6608, 0.66208, 0.66144, 0.6624, 0.64992, 0.65376, 0.63744, 0.63616, 0.60992]
[0.6608, 0.6608, 0.66048, 0.66432, 0.66528, 0.6656, 0.66368, 0.66176, 0.66208, 0.66528, 0.664, 0.6608, 0.66208, 0.66144, 0.6624, 0.64992, 0.65376, 0.63744, 0.63616, 0.60992]
Alpha 60
Entrenando PCA
Para 200 vecinos
[0.66656]
Para 190 vecinos
Predigo...
Accuracy: [0.66656, 0.6656]
Para 180 vecinos
Predigo...
Accuracy: [0.66656, 0.6656, 0.6672]
Para 170 vecinos
Predigo...
Accuracy: [0.66656, 0.6656, 0.6672, 0.66944]
Para 160 vecinos
Predigo...
Accuracy: [0.66656, 0.6656, 0.6672, 0.66944, 0.66784]
Para 150 vecinos
Predigo...
Accuracy: [0.66656, 0.6656, 0.6672, 0.66944, 0.66784, 0.66144]
Para 140 vecinos
Predigo...
Accuracy: [0.66656, 0.6656, 0.6672, 0.66944, 0.66784, 0.66144, 0.66336]
Para 130 vecinos
Predigo...
Accuracy: [0.66656, 0.6656, 0.6672, 0.66944, 0.66784, 0.66144, 0.66336, 0.66336]
Para 120 vecinos
Predigo...
Accuracy: [0.66656, 0.6656, 0.6672, 0.66944, 0.66784, 0.66144, 0.66336, 0.66336, 0.66304]
Para 110 vecinos
Predigo...
Accuracy: [0.66656, 0.6656, 0.6672, 0.66944, 0.66784, 0.66144, 0.66336, 0.66336, 0.66304, 0.66048]
Para 100 vecinos
Predigo...
Accuracy: [0.66656, 0.6656, 0.6672, 0.66944, 0.66784, 0.66144, 0.66336, 0.66336, 0.66304, 0.66048, 0.66016]
Para 90 vecinos
Predigo...
Accuracy: [0.66656, 0.6656, 0.6672, 0.66944, 0.66784, 0.66144, 0.66336, 0.66336, 0.66304, 0.66048, 0.66016, 0.664]
Para 80 vecinos
Predigo...
Accuracy: [0.66656, 0.6656, 0.6672, 0.66944, 0.66784, 0.66144, 0.66336, 0.66336, 0.66304, 0.66048, 0.66016, 0.664, 0.6624]
Para 70 vecinos
Predigo...
Accuracy: [0.66656, 0.6656, 0.6672, 0.66944, 0.66784, 0.66144, 0.66336, 0.66336, 0.66304, 0.66048, 0.66016, 0.664, 0.6624, 0.66848]
Para 60 vecinos
Predigo...
Accuracy: [0.66656, 0.6656, 0.6672, 0.66944, 0.66784, 0.66144, 0.66336, 0.66336, 0.66304, 0.66048, 0.66016, 0.664, 0.6624, 0.66848, 0.65856]
Para 50 vecinos
Predigo...
Accuracy: [0.66656, 0.6656, 0.6672, 0.66944, 0.66784, 0.66144, 0.66336, 0.66336, 0.66304, 0.66048, 0.66016, 0.664, 0.6624, 0.66848, 0.65856, 0.65408]
Para 40 vecinos
Predigo...
Accuracy: [0.66656, 0.6656, 0.6672, 0.66944, 0.66784, 0.66144, 0.66336, 0.66336, 0.66304, 0.66048, 0.66016, 0.664, 0.6624, 0.66848, 0.65856, 0.65408, 0.65312]
Para 30 vecinos
Predigo...
Accuracy: [0.66656, 0.6656, 0.6672, 0.66944, 0.66784, 0.66144, 0.66336, 0.66336, 0.66304, 0.66048, 0.66016, 0.664, 0.6624, 0.66848, 0.65856, 0.65408, 0.65312, 0.6416]
Para 20 vecinos
Predigo...
Accuracy: [0.66656, 0.6656, 0.6672, 0.66944, 0.66784, 0.66144, 0.66336, 0.66336, 0.66304, 0.66048, 0.66016, 0.664, 0.6624, 0.66848, 0.65856, 0.65408, 0.65312, 0.6416, 0.63424]
Para 10 vecinos
Predigo...
Accuracy: [0.66656, 0.6656, 0.6672, 0.66944, 0.66784, 0.66144, 0.66336, 0.66336, 0.66304, 0.66048, 0.66016, 0.664, 0.6624, 0.66848, 0.65856, 0.65408, 0.65312, 0.6416, 0.63424, 0.61696]
[0.66656, 0.6656, 0.6672, 0.66944, 0.66784, 0.66144, 0.66336, 0.66336, 0.66304, 0.66048, 0.66016, 0.664, 0.6624, 0.66848, 0.65856, 0.65408, 0.65312, 0.6416, 0.63424, 0.61696]
Alpha 50
Entrenando PCA
Para 200 vecinos
[0.66112]
Para 190 vecinos
Predigo...
Accuracy: [0.66112, 0.66048]
Para 180 vecinos
Predigo...
Accuracy: [0.66112, 0.66048, 0.66048]
Para 170 vecinos
Predigo...
Accuracy: [0.66112, 0.66048, 0.66048, 0.65792]
Para 160 vecinos
Predigo...
Accuracy: [0.66112, 0.66048, 0.66048, 0.65792, 0.65824]
Para 150 vecinos
Predigo...
Accuracy: [0.66112, 0.66048, 0.66048, 0.65792, 0.65824, 0.6576]
Para 140 vecinos
Predigo...
Accuracy: [0.66112, 0.66048, 0.66048, 0.65792, 0.65824, 0.6576, 0.65824]
Para 130 vecinos
Predigo...
Accuracy: [0.66112, 0.66048, 0.66048, 0.65792, 0.65824, 0.6576, 0.65824, 0.65536]
Para 120 vecinos
Predigo...
Accuracy: [0.66112, 0.66048, 0.66048, 0.65792, 0.65824, 0.6576, 0.65824, 0.65536, 0.66112]
Para 110 vecinos
Predigo...
Accuracy: [0.66112, 0.66048, 0.66048, 0.65792, 0.65824, 0.6576, 0.65824, 0.65536, 0.66112, 0.66112]
Para 100 vecinos
Predigo...
Accuracy: [0.66112, 0.66048, 0.66048, 0.65792, 0.65824, 0.6576, 0.65824, 0.65536, 0.66112, 0.66112, 0.65984]
Para 90 vecinos
Predigo...
Accuracy: [0.66112, 0.66048, 0.66048, 0.65792, 0.65824, 0.6576, 0.65824, 0.65536, 0.66112, 0.66112, 0.65984, 0.65792]
Para 80 vecinos
Predigo...
Accuracy: [0.66112, 0.66048, 0.66048, 0.65792, 0.65824, 0.6576, 0.65824, 0.65536, 0.66112, 0.66112, 0.65984, 0.65792, 0.65664]
Para 70 vecinos
Predigo...
Accuracy: [0.66112, 0.66048, 0.66048, 0.65792, 0.65824, 0.6576, 0.65824, 0.65536, 0.66112, 0.66112, 0.65984, 0.65792, 0.65664, 0.6576]
Para 60 vecinos
Predigo...
Accuracy: [0.66112, 0.66048, 0.66048, 0.65792, 0.65824, 0.6576, 0.65824, 0.65536, 0.66112, 0.66112, 0.65984, 0.65792, 0.65664, 0.6576, 0.65632]
Para 50 vecinos
Predigo...
Accuracy: [0.66112, 0.66048, 0.66048, 0.65792, 0.65824, 0.6576, 0.65824, 0.65536, 0.66112, 0.66112, 0.65984, 0.65792, 0.65664, 0.6576, 0.65632, 0.64864]
Para 40 vecinos
Predigo...
Accuracy: [0.66112, 0.66048, 0.66048, 0.65792, 0.65824, 0.6576, 0.65824, 0.65536, 0.66112, 0.66112, 0.65984, 0.65792, 0.65664, 0.6576, 0.65632, 0.64864, 0.64544]
Para 30 vecinos
Predigo...
Accuracy: [0.66112, 0.66048, 0.66048, 0.65792, 0.65824, 0.6576, 0.65824, 0.65536, 0.66112, 0.66112, 0.65984, 0.65792, 0.65664, 0.6576, 0.65632, 0.64864, 0.64544, 0.63936]
Para 20 vecinos
Predigo...
Accuracy: [0.66112, 0.66048, 0.66048, 0.65792, 0.65824, 0.6576, 0.65824, 0.65536, 0.66112, 0.66112, 0.65984, 0.65792, 0.65664, 0.6576, 0.65632, 0.64864, 0.64544, 0.63936, 0.63104]
Para 10 vecinos
Predigo...
Accuracy: [0.66112, 0.66048, 0.66048, 0.65792, 0.65824, 0.6576, 0.65824, 0.65536, 0.66112, 0.66112, 0.65984, 0.65792, 0.65664, 0.6576, 0.65632, 0.64864, 0.64544, 0.63936, 0.63104, 0.61568]
[0.66112, 0.66048, 0.66048, 0.65792, 0.65824, 0.6576, 0.65824, 0.65536, 0.66112, 0.66112, 0.65984, 0.65792, 0.65664, 0.6576, 0.65632, 0.64864, 0.64544, 0.63936, 0.63104, 0.61568]
Alpha 40
Entrenando PCA
Para 200 vecinos
[0.65088]
Para 190 vecinos
Predigo...
Accuracy: [0.65088, 0.65056]
Para 180 vecinos
Predigo...
Accuracy: [0.65088, 0.65056, 0.65088]
Para 170 vecinos
Predigo...
Accuracy: [0.65088, 0.65056, 0.65088, 0.65088]
Para 160 vecinos
Predigo...
Accuracy: [0.65088, 0.65056, 0.65088, 0.65088, 0.65056]
Para 150 vecinos
Predigo...
Accuracy: [0.65088, 0.65056, 0.65088, 0.65088, 0.65056, 0.65504]
Para 140 vecinos
Predigo...
Accuracy: [0.65088, 0.65056, 0.65088, 0.65088, 0.65056, 0.65504, 0.6528]
Para 130 vecinos
Predigo...
Accuracy: [0.65088, 0.65056, 0.65088, 0.65088, 0.65056, 0.65504, 0.6528, 0.65408]
Para 120 vecinos
Predigo...
Accuracy: [0.65088, 0.65056, 0.65088, 0.65088, 0.65056, 0.65504, 0.6528, 0.65408, 0.65184]
Para 110 vecinos
Predigo...
Accuracy: [0.65088, 0.65056, 0.65088, 0.65088, 0.65056, 0.65504, 0.6528, 0.65408, 0.65184, 0.65696]
Para 100 vecinos
Predigo...
Accuracy: [0.65088, 0.65056, 0.65088, 0.65088, 0.65056, 0.65504, 0.6528, 0.65408, 0.65184, 0.65696, 0.6544]
Para 90 vecinos
Predigo...
Accuracy: [0.65088, 0.65056, 0.65088, 0.65088, 0.65056, 0.65504, 0.6528, 0.65408, 0.65184, 0.65696, 0.6544, 0.656]
Para 80 vecinos
Predigo...
Accuracy: [0.65088, 0.65056, 0.65088, 0.65088, 0.65056, 0.65504, 0.6528, 0.65408, 0.65184, 0.65696, 0.6544, 0.656, 0.6544]
Para 70 vecinos
Predigo...
Accuracy: [0.65088, 0.65056, 0.65088, 0.65088, 0.65056, 0.65504, 0.6528, 0.65408, 0.65184, 0.65696, 0.6544, 0.656, 0.6544, 0.64544]
Para 60 vecinos
Predigo...
Accuracy: [0.65088, 0.65056, 0.65088, 0.65088, 0.65056, 0.65504, 0.6528, 0.65408, 0.65184, 0.65696, 0.6544, 0.656, 0.6544, 0.64544, 0.63872]
Para 50 vecinos
Predigo...
Accuracy: [0.65088, 0.65056, 0.65088, 0.65088, 0.65056, 0.65504, 0.6528, 0.65408, 0.65184, 0.65696, 0.6544, 0.656, 0.6544, 0.64544, 0.63872, 0.63648]
Para 40 vecinos
Predigo...
Accuracy: [0.65088, 0.65056, 0.65088, 0.65088, 0.65056, 0.65504, 0.6528, 0.65408, 0.65184, 0.65696, 0.6544, 0.656, 0.6544, 0.64544, 0.63872, 0.63648, 0.63648]
Para 30 vecinos
Predigo...
Accuracy: [0.65088, 0.65056, 0.65088, 0.65088, 0.65056, 0.65504, 0.6528, 0.65408, 0.65184, 0.65696, 0.6544, 0.656, 0.6544, 0.64544, 0.63872, 0.63648, 0.63648, 0.62496]
Para 20 vecinos
Predigo...
Accuracy: [0.65088, 0.65056, 0.65088, 0.65088, 0.65056, 0.65504, 0.6528, 0.65408, 0.65184, 0.65696, 0.6544, 0.656, 0.6544, 0.64544, 0.63872, 0.63648, 0.63648, 0.62496, 0.62528]
Para 10 vecinos
Predigo...
Accuracy: [0.65088, 0.65056, 0.65088, 0.65088, 0.65056, 0.65504, 0.6528, 0.65408, 0.65184, 0.65696, 0.6544, 0.656, 0.6544, 0.64544, 0.63872, 0.63648, 0.63648, 0.62496, 0.62528, 0.61184]
[0.65088, 0.65056, 0.65088, 0.65088, 0.65056, 0.65504, 0.6528, 0.65408, 0.65184, 0.65696, 0.6544, 0.656, 0.6544, 0.64544, 0.63872, 0.63648, 0.63648, 0.62496, 0.62528, 0.61184]
Alpha 30
Entrenando PCA
Para 200 vecinos
[0.64064]
Para 190 vecinos
Predigo...
Accuracy: [0.64064, 0.63904]
Para 180 vecinos
Predigo...
Accuracy: [0.64064, 0.63904, 0.6416]
Para 170 vecinos
Predigo...
Accuracy: [0.64064, 0.63904, 0.6416, 0.64384]
Para 160 vecinos
Predigo...
Accuracy: [0.64064, 0.63904, 0.6416, 0.64384, 0.64928]
Para 150 vecinos
Predigo...
Accuracy: [0.64064, 0.63904, 0.6416, 0.64384, 0.64928, 0.64224]
Para 140 vecinos
Predigo...
Accuracy: [0.64064, 0.63904, 0.6416, 0.64384, 0.64928, 0.64224, 0.64512]
Para 130 vecinos
Predigo...
Accuracy: [0.64064, 0.63904, 0.6416, 0.64384, 0.64928, 0.64224, 0.64512, 0.6448]
Para 120 vecinos
Predigo...
Accuracy: [0.64064, 0.63904, 0.6416, 0.64384, 0.64928, 0.64224, 0.64512, 0.6448, 0.64416]
Para 110 vecinos
Predigo...
Accuracy: [0.64064, 0.63904, 0.6416, 0.64384, 0.64928, 0.64224, 0.64512, 0.6448, 0.64416, 0.64608]
Para 100 vecinos
Predigo...
Accuracy: [0.64064, 0.63904, 0.6416, 0.64384, 0.64928, 0.64224, 0.64512, 0.6448, 0.64416, 0.64608, 0.6448]
Para 90 vecinos
Predigo...
Accuracy: [0.64064, 0.63904, 0.6416, 0.64384, 0.64928, 0.64224, 0.64512, 0.6448, 0.64416, 0.64608, 0.6448, 0.64352]
Para 80 vecinos
Predigo...
Accuracy: [0.64064, 0.63904, 0.6416, 0.64384, 0.64928, 0.64224, 0.64512, 0.6448, 0.64416, 0.64608, 0.6448, 0.64352, 0.63744]
Para 70 vecinos
Predigo...
Accuracy: [0.64064, 0.63904, 0.6416, 0.64384, 0.64928, 0.64224, 0.64512, 0.6448, 0.64416, 0.64608, 0.6448, 0.64352, 0.63744, 0.64096]
Para 60 vecinos
Predigo...
Accuracy: [0.64064, 0.63904, 0.6416, 0.64384, 0.64928, 0.64224, 0.64512, 0.6448, 0.64416, 0.64608, 0.6448, 0.64352, 0.63744, 0.64096, 0.63616]
Para 50 vecinos
Predigo...
Accuracy: [0.64064, 0.63904, 0.6416, 0.64384, 0.64928, 0.64224, 0.64512, 0.6448, 0.64416, 0.64608, 0.6448, 0.64352, 0.63744, 0.64096, 0.63616, 0.63296]
Para 40 vecinos
Predigo...
Accuracy: [0.64064, 0.63904, 0.6416, 0.64384, 0.64928, 0.64224, 0.64512, 0.6448, 0.64416, 0.64608, 0.6448, 0.64352, 0.63744, 0.64096, 0.63616, 0.63296, 0.6288]
Para 30 vecinos
Predigo...
Accuracy: [0.64064, 0.63904, 0.6416, 0.64384, 0.64928, 0.64224, 0.64512, 0.6448, 0.64416, 0.64608, 0.6448, 0.64352, 0.63744, 0.64096, 0.63616, 0.63296, 0.6288, 0.62464]
Para 20 vecinos
Predigo...
Accuracy: [0.64064, 0.63904, 0.6416, 0.64384, 0.64928, 0.64224, 0.64512, 0.6448, 0.64416, 0.64608, 0.6448, 0.64352, 0.63744, 0.64096, 0.63616, 0.63296, 0.6288, 0.62464, 0.61792]
Para 10 vecinos
Predigo...
Accuracy: [0.64064, 0.63904, 0.6416, 0.64384, 0.64928, 0.64224, 0.64512, 0.6448, 0.64416, 0.64608, 0.6448, 0.64352, 0.63744, 0.64096, 0.63616, 0.63296, 0.6288, 0.62464, 0.61792, 0.60224]
[0.64064, 0.63904, 0.6416, 0.64384, 0.64928, 0.64224, 0.64512, 0.6448, 0.64416, 0.64608, 0.6448, 0.64352, 0.63744, 0.64096, 0.63616, 0.63296, 0.6288, 0.62464, 0.61792, 0.60224]
Alpha 20
Entrenando PCA
Para 200 vecinos
[0.608]
Para 190 vecinos
Predigo...
Accuracy: [0.608, 0.60448]
Para 180 vecinos
Predigo...
Accuracy: [0.608, 0.60448, 0.60384]
Para 170 vecinos
Predigo...
Accuracy: [0.608, 0.60448, 0.60384, 0.60416]
Para 160 vecinos
Predigo...
Accuracy: [0.608, 0.60448, 0.60384, 0.60416, 0.60576]
Para 150 vecinos
Predigo...
Accuracy: [0.608, 0.60448, 0.60384, 0.60416, 0.60576, 0.61088]
Para 140 vecinos
Predigo...
Accuracy: [0.608, 0.60448, 0.60384, 0.60416, 0.60576, 0.61088, 0.60544]
Para 130 vecinos
Predigo...
Accuracy: [0.608, 0.60448, 0.60384, 0.60416, 0.60576, 0.61088, 0.60544, 0.60672]
Para 120 vecinos
Predigo...
Accuracy: [0.608, 0.60448, 0.60384, 0.60416, 0.60576, 0.61088, 0.60544, 0.60672, 0.61056]
Para 110 vecinos
Predigo...
Accuracy: [0.608, 0.60448, 0.60384, 0.60416, 0.60576, 0.61088, 0.60544, 0.60672, 0.61056, 0.61504]
Para 100 vecinos
Predigo...
Accuracy: [0.608, 0.60448, 0.60384, 0.60416, 0.60576, 0.61088, 0.60544, 0.60672, 0.61056, 0.61504, 0.61344]
Para 90 vecinos
Predigo...
Accuracy: [0.608, 0.60448, 0.60384, 0.60416, 0.60576, 0.61088, 0.60544, 0.60672, 0.61056, 0.61504, 0.61344, 0.6128]
Para 80 vecinos
Predigo...
Accuracy: [0.608, 0.60448, 0.60384, 0.60416, 0.60576, 0.61088, 0.60544, 0.60672, 0.61056, 0.61504, 0.61344, 0.6128, 0.61216]
Para 70 vecinos
Predigo...
Accuracy: [0.608, 0.60448, 0.60384, 0.60416, 0.60576, 0.61088, 0.60544, 0.60672, 0.61056, 0.61504, 0.61344, 0.6128, 0.61216, 0.61216]
Para 60 vecinos
Predigo...
Accuracy: [0.608, 0.60448, 0.60384, 0.60416, 0.60576, 0.61088, 0.60544, 0.60672, 0.61056, 0.61504, 0.61344, 0.6128, 0.61216, 0.61216, 0.60512]
Para 50 vecinos
Predigo...
Accuracy: [0.608, 0.60448, 0.60384, 0.60416, 0.60576, 0.61088, 0.60544, 0.60672, 0.61056, 0.61504, 0.61344, 0.6128, 0.61216, 0.61216, 0.60512, 0.60544]
Para 40 vecinos
Predigo...
Accuracy: [0.608, 0.60448, 0.60384, 0.60416, 0.60576, 0.61088, 0.60544, 0.60672, 0.61056, 0.61504, 0.61344, 0.6128, 0.61216, 0.61216, 0.60512, 0.60544, 0.59872]
Para 30 vecinos
Predigo...
Accuracy: [0.608, 0.60448, 0.60384, 0.60416, 0.60576, 0.61088, 0.60544, 0.60672, 0.61056, 0.61504, 0.61344, 0.6128, 0.61216, 0.61216, 0.60512, 0.60544, 0.59872, 0.59328]
Para 20 vecinos
Predigo...
Accuracy: [0.608, 0.60448, 0.60384, 0.60416, 0.60576, 0.61088, 0.60544, 0.60672, 0.61056, 0.61504, 0.61344, 0.6128, 0.61216, 0.61216, 0.60512, 0.60544, 0.59872, 0.59328, 0.59168]
Para 10 vecinos
Predigo...
Accuracy: [0.608, 0.60448, 0.60384, 0.60416, 0.60576, 0.61088, 0.60544, 0.60672, 0.61056, 0.61504, 0.61344, 0.6128, 0.61216, 0.61216, 0.60512, 0.60544, 0.59872, 0.59328, 0.59168, 0.58176]
[0.608, 0.60448, 0.60384, 0.60416, 0.60576, 0.61088, 0.60544, 0.60672, 0.61056, 0.61504, 0.61344, 0.6128, 0.61216, 0.61216, 0.60512, 0.60544, 0.59872, 0.59328, 0.59168, 0.58176]
Alpha 10
Entrenando PCA
Para 200 vecinos
[0.5776]
Para 190 vecinos
Predigo...
Accuracy: [0.5776, 0.576]
Para 180 vecinos
Predigo...
Accuracy: [0.5776, 0.576, 0.57728]
Para 170 vecinos
Predigo...
Accuracy: [0.5776, 0.576, 0.57728, 0.57664]
Para 160 vecinos
Predigo...
Accuracy: [0.5776, 0.576, 0.57728, 0.57664, 0.5776]
Para 150 vecinos
Predigo...
Accuracy: [0.5776, 0.576, 0.57728, 0.57664, 0.5776, 0.57664]
Para 140 vecinos
Predigo...
Accuracy: [0.5776, 0.576, 0.57728, 0.57664, 0.5776, 0.57664, 0.57536]
Para 130 vecinos
Predigo...
Accuracy: [0.5776, 0.576, 0.57728, 0.57664, 0.5776, 0.57664, 0.57536, 0.5744]
Para 120 vecinos
Predigo...
Accuracy: [0.5776, 0.576, 0.57728, 0.57664, 0.5776, 0.57664, 0.57536, 0.5744, 0.57376]
Para 110 vecinos
Predigo...
Accuracy: [0.5776, 0.576, 0.57728, 0.57664, 0.5776, 0.57664, 0.57536, 0.5744, 0.57376, 0.56576]
Para 100 vecinos
Predigo...
Accuracy: [0.5776, 0.576, 0.57728, 0.57664, 0.5776, 0.57664, 0.57536, 0.5744, 0.57376, 0.56576, 0.57312]
Para 90 vecinos
Predigo...
Accuracy: [0.5776, 0.576, 0.57728, 0.57664, 0.5776, 0.57664, 0.57536, 0.5744, 0.57376, 0.56576, 0.57312, 0.56864]
Para 80 vecinos
Predigo...
Accuracy: [0.5776, 0.576, 0.57728, 0.57664, 0.5776, 0.57664, 0.57536, 0.5744, 0.57376, 0.56576, 0.57312, 0.56864, 0.56832]
Para 70 vecinos
Predigo...
Accuracy: [0.5776, 0.576, 0.57728, 0.57664, 0.5776, 0.57664, 0.57536, 0.5744, 0.57376, 0.56576, 0.57312, 0.56864, 0.56832, 0.57184]
Para 60 vecinos
Predigo...
Accuracy: [0.5776, 0.576, 0.57728, 0.57664, 0.5776, 0.57664, 0.57536, 0.5744, 0.57376, 0.56576, 0.57312, 0.56864, 0.56832, 0.57184, 0.57664]
Para 50 vecinos
Predigo...
Accuracy: [0.5776, 0.576, 0.57728, 0.57664, 0.5776, 0.57664, 0.57536, 0.5744, 0.57376, 0.56576, 0.57312, 0.56864, 0.56832, 0.57184, 0.57664, 0.57344]
Para 40 vecinos
Predigo...
Accuracy: [0.5776, 0.576, 0.57728, 0.57664, 0.5776, 0.57664, 0.57536, 0.5744, 0.57376, 0.56576, 0.57312, 0.56864, 0.56832, 0.57184, 0.57664, 0.57344, 0.56544]
Para 30 vecinos
Predigo...
Accuracy: [0.5776, 0.576, 0.57728, 0.57664, 0.5776, 0.57664, 0.57536, 0.5744, 0.57376, 0.56576, 0.57312, 0.56864, 0.56832, 0.57184, 0.57664, 0.57344, 0.56544, 0.56384]
Para 20 vecinos
Predigo...
Accuracy: [0.5776, 0.576, 0.57728, 0.57664, 0.5776, 0.57664, 0.57536, 0.5744, 0.57376, 0.56576, 0.57312, 0.56864, 0.56832, 0.57184, 0.57664, 0.57344, 0.56544, 0.56384, 0.56736]
Para 10 vecinos
Predigo...
Accuracy: [0.5776, 0.576, 0.57728, 0.57664, 0.5776, 0.57664, 0.57536, 0.5744, 0.57376, 0.56576, 0.57312, 0.56864, 0.56832, 0.57184, 0.57664, 0.57344, 0.56544, 0.56384, 0.56736, 0.55264]
[0.5776, 0.576, 0.57728, 0.57664, 0.5776, 0.57664, 0.57536, 0.5744, 0.57376, 0.56576, 0.57312, 0.56864, 0.56832, 0.57184, 0.57664, 0.57344, 0.56544, 0.56384, 0.56736, 0.55264]